0.0300173	30
0.0610184	30
0.0614061	30
0.0617939	30
0.0904681	34
0.0934681	33
0.0964681	33
0.0994681	33
0.102468	33
0.122393	33
0.125743	32
0.128218	32
0.129868	32
0.131518	32
0.133168	32
0.134818	31
0.136468	31
0.138118	31
0.139768	31
0.153444	31
0.156769	31
0.159244	31
0.160494	31
0.161294	31
0.162094	31
0.162894	31
0.163694	30
0.164494	30
0.165294	30
0.166069	30
0.166844	30
0.167619	30
0.168394	30
0.169169	30
0.169944	30
0.170719	30
0.171494	30
0.172269	30
0.173044	30
0.184056	30
0.187381	30
0.189856	30
0.191106	30
0.191713	30
0.1921	30
0.192488	30
0.192876	30
0.193264	30
0.193651	30
0.194039	30
0.194427	30
0.194814	30
0.195202	30
0.19559	30
0.195978	30
0.196365	30
0.196753	30
0.197141	30
0.197529	30
0.197916	30
0.198304	30
0.198692	30
0.199079	30
0.199467	30
0.199855	30
0.200243	30
0.20063	30
0.201018	30
0.201406	30
0.201794	30
0.202181	30
0.202569	30
0.202957	30
0.203345	30
0.203732	30
0.20412	30
0.204508	30
0.204895	30
0.205283	30
0.214475	30
0.2178	30
0.220275	30
0.221525	30
0.222132	30
0.222519	30
0.222907	30
0.223295	30
0.223683	30
0.22407	30
0.224458	30
0.224846	30
0.225234	30
0.225621	31
0.226009	31
0.226397	31
0.226784	31
0.227172	31
0.22756	31
0.227948	32
0.228335	32
0.228723	32
0.229111	32
0.229499	32
0.229886	32
0.230274	33
0.230662	33
0.231049	33
0.231437	33
0.231825	33
0.232213	34
0.2326	34
0.232988	34
0.233376	34
0.233764	34
0.234151	35
0.234539	35
0.234927	35
0.235315	35
0.235702	35
0.23609	36
0.236478	36
0.236865	36
0.237253	36
0.237641	36
0.238029	37
0.238416	37
0.238804	37
0.239192	37
0.23958	37
0.239967	37
0.240355	38
0.240743	38
0.241131	38
0.241518	38
0.241906	38
0.242294	39
0.242681	39
0.243069	39
0.243457	39
0.243845	39
0.244232	40
0.24462	40
0.245008	40
0.245396	40
0.245783	41
0.246171	41
0.246559	41
0.246946	41
0.247334	41
0.247722	41
0.24811	42
0.248497	42
0.248885	42
0.249273	42
0.249661	42
0.250048	43
0.250436	43
0.250824	43
0.251212	43
0.251599	43
0.251987	41
0.252375	40
0.252762	39
0.25315	38
0.253538	37
0.253926	36
0.254313	35
0.254701	35
0.255089	34
0.255477	34
0.255864	34
0.256252	34
0.25664	33
0.257028	33
0.257415	33
0.257803	33
0.258191	34
0.258578	34
0.258966	34
0.259354	34
0.259742	34
0.260129	34
0.260517	34
0.260905	34
0.261293	35
0.26168	35
0.262068	35
0.262456	35
0.262844	36
0.263231	36
0.263619	36
0.264007	36
0.264394	37
0.264782	37
0.26517	37
0.265558	37
0.265945	37
0.266333	37
0.266721	37
0.267109	38
0.267496	38
0.267884	38
0.268272	38
0.268659	38
0.269047	38
0.269435	38
0.269823	38
0.27021	38
0.270598	38
0.270986	38
0.271374	38
0.271761	38
0.272149	38
0.272537	38
0.272925	38
0.273312	38
0.2737	38
0.274088	38
0.274475	38
0.274863	38
0.275251	38
0.275639	38
0.276026	38
0.276414	38
0.276802	38
0.27719	38
0.277577	38
0.277965	38
0.278353	38
0.278741	38
0.279128	38
0.279516	38
0.279904	38
0.280291	38
0.280679	38
0.281067	38
0.281455	38
0.281842	38
0.28223	38
0.282618	38
0.283006	38
0.283393	38
0.283781	38
0.284169	38
0.284557	38
0.284944	38
0.285332	38
0.28572	38
0.286107	38
0.286495	38
0.286883	38
0.287271	38
0.287658	38
0.288046	38
0.288434	38
0.288822	38
0.289209	38
0.289597	38
0.289985	38
0.290372	38
0.29076	38
0.291148	38
0.291536	38
0.291923	38
0.292311	38
0.292699	38
0.293087	38
0.293474	38
0.293862	38
0.29425	38
0.294638	38
0.295025	38
0.295413	38
0.295801	38
0.296188	38
0.296576	38
0.296964	38
0.297352	38
0.297739	38
0.298127	38
0.298515	38
0.298903	38
0.29929	38
0.299678	38
0.300066	38
0.300454	38
0.300841	38
0.301229	38
0.301617	38
0.302004	38
0.302392	38
0.30278	38
0.303168	38
0.303555	38
0.303943	38
0.304331	38
0.304719	38
0.305106	38
0.305494	38
0.305882	38
0.306269	38
0.306657	38
0.307045	38
0.307433	38
0.30782	38
0.308208	38
0.308596	38
0.308984	38
0.309371	38
0.309759	38
0.310147	38
0.310535	38
0.310922	38
0.31131	38
0.311698	38
0.312085	38
0.312473	38
0.312861	38
0.313249	38
0.313636	38
0.314024	38
0.314412	38
0.3148	38
0.315187	38
0.315575	38
0.315963	38
0.316351	38
0.316738	38
0.317126	38
0.317514	38
0.317901	38
0.318289	38
0.318677	38
0.319065	38
0.319452	38
0.31984	38
0.320228	38
0.320616	38
0.321003	38
0.321391	38
0.321779	38
0.322167	38
0.322554	38
0.322942	38
0.32333	38
0.323717	38
0.324105	38
0.324493	38
0.324881	38
0.325268	38
0.325656	38
0.326044	38
0.326432	38
0.326819	38
0.327207	38
0.327595	38
0.327982	38
0.32837	38
0.328758	38
0.329146	38
0.329533	38
0.329921	38
0.330309	38
0.330697	38
0.331084	38
0.331472	38
0.33186	38
0.332248	38
0.332635	38
0.333023	38
0.333411	38
0.333798	38
0.334186	38
0.334574	38
0.334962	38
0.335349	38
0.335737	38
0.336125	38
0.336513	38
0.3369	38
0.337288	38
0.337676	38
0.338064	38
0.338451	38
0.338839	38
0.339227	38
0.339614	38
0.340002	38
0.34039	38
0.340778	38
0.341165	38
0.341553	38
0.341941	38
0.342329	38
0.342716	38
0.343104	38
0.343492	38
0.343879	38
0.344267	38
0.344655	38
0.345043	38
0.34543	38
0.345818	38
0.346206	38
0.346594	38
0.346981	38
0.347369	38
0.347757	38
0.348145	38
0.348532	38
0.34892	38
0.349308	38
0.349695	38
0.350083	38
0.350471	38
0.350859	38
0.351246	38
0.351634	38
0.352022	38
0.35241	38
0.352797	38
0.353185	38
0.353573	38
0.353961	38
0.354348	38
0.354736	38
0.355124	38
0.355511	38
0.355899	38
0.356287	38
0.356675	38
0.357062	38
0.35745	38
0.357838	38
0.358226	38
0.358613	38
0.359001	38
0.359389	38
0.359777	38
0.360164	38
0.360552	38
0.36094	38
0.361327	38
0.361715	38
0.362103	38
0.362491	38
0.362878	38
0.363266	38
0.363654	38
0.364042	38
0.364429	38
0.364817	38
0.365205	38
0.365592	38
0.36598	38
0.366368	38
0.366756	38
0.367143	38
0.367531	38
0.367919	38
0.368307	38
0.368694	38
0.369082	38
0.36947	38
0.369858	38
0.370245	38
0.370633	38
0.371021	38
0.371408	38
0.371796	38
0.372184	38
0.372572	38
0.372959	38
0.373347	38
0.373735	38
0.374123	38
0.37451	38
0.374898	38
0.375286	38
0.375674	38
0.376061	38
0.376449	38
0.376837	38
0.377224	38
0.377612	38
0.378	38
0.378388	38
0.378775	38
0.379163	38
0.379551	38
0.379939	38
0.380326	38
0.380714	38
0.381102	38
0.38149	38
0.381877	38
0.382265	38
0.382653	38
0.38304	38
0.383428	38
0.383816	38
0.384204	38
0.384591	38
0.384979	38
0.385367	38
0.385755	38
0.386142	38
0.38653	38
0.386918	38
0.387305	38
0.387693	38
0.388081	38
0.388469	38
0.388856	38
0.389244	38
0.389632	38
0.39002	38
0.390407	38
0.390795	38
0.391183	38
0.391571	38
0.391958	38
0.392346	38
0.392734	38
0.393121	38
0.393509	38
0.393897	38
0.394285	38
0.394672	38
0.39506	38
0.395448	38
0.395836	38
0.396223	38
0.396611	38
0.396999	38
0.397387	38
0.397774	38
0.398162	38
0.39855	38
0.398937	38
0.399325	38
0.399713	38
0.400101	38
0.400488	38
0.400876	38
0.401264	38
0.401652	38
0.402039	38
0.402427	38
0.402815	38
0.403202	38
0.40359	38
0.403978	38
0.404366	38
0.404753	38
0.405141	38
0.405529	38
0.405917	38
0.406304	38
0.406692	38
0.40708	38
0.407468	38
0.407855	38
0.408243	38
0.408631	38
0.409018	38
0.409406	38
0.409794	38
0.410182	38
0.410569	38
0.410957	38
0.411345	38
0.411733	38
0.41212	38
0.412508	38
0.412896	38
0.413284	38
0.413671	38
0.414059	38
0.414447	38
0.414834	38
0.415222	38
0.41561	38
0.415998	38
0.416385	38
0.416773	38
0.417161	38
0.417549	38
0.417936	38
0.418324	38
0.418712	38
0.4191	38
0.419487	38
0.419875	38
0.420263	38
0.42065	38
0.421038	38
0.421426	38
0.421814	38
0.422201	38
0.422589	38
0.422977	38
0.423365	38
0.423752	38
0.42414	38
0.424528	38
0.424915	38
0.425303	38
0.425691	38
0.426079	38
0.426466	38
0.426854	38
0.427242	38
0.42763	38
0.428017	38
0.428405	38
0.428793	38
0.429181	38
0.429568	38
0.429956	38
0.430344	38
0.430731	38
0.431119	38
0.431507	38
0.431895	38
0.432282	38
0.43267	38
0.433058	38
0.433446	38
0.433833	38
0.434221	38
0.434609	38
0.434997	38
0.435384	38
0.435772	38
0.43616	38
0.436547	38
0.436935	38
0.437323	38
0.437711	38
0.438098	38
0.438486	38
0.438874	38
0.439262	38
0.439649	38
0.440037	38
0.440425	38
0.440812	38
0.4412	38
0.441588	38
0.441976	38
0.442363	38
0.442751	38
0.443139	38
0.443527	38
0.443914	38
0.444302	38
0.44469	38
0.445078	38
0.445465	38
0.445853	38
0.446241	38
0.446628	38
0.447016	38
0.447404	38
0.447792	38
0.448179	38
0.448567	38
0.448955	38
0.449343	38
0.44973	38
0.450118	38
0.450506	38
0.450894	38
0.451281	38
0.451669	38
0.452057	38
0.452444	38
0.452832	38
0.45322	38
0.453608	38
0.453995	38
0.454383	38
0.454771	38
0.455159	38
0.455546	38
0.455934	38
0.456322	38
0.45671	38
0.457097	38
0.457485	38
0.457873	38
0.45826	38
0.458648	38
0.459036	38
0.459424	38
0.459811	38
0.460199	38
0.460587	38
0.460975	38
0.461362	38
0.46175	38
0.462138	38
0.462525	38
0.462913	38
0.463301	38
0.463689	38
0.464076	38
0.464464	38
0.464852	38
0.46524	38
0.465627	38
0.466015	38
0.466403	38
0.466791	38
0.467178	38
0.467566	38
0.467954	38
0.468341	38
0.468729	38
0.469117	38
0.469505	38
0.469892	38
0.47028	38
0.470668	38
0.471056	38
0.471443	38
0.471831	38
0.472219	38
0.472607	38
0.472994	38
0.473382	38
0.47377	38
0.474157	38
0.474545	38
0.474933	38
0.475321	38
0.475708	38
0.476096	38
0.476484	38
0.476872	38
0.477259	38
0.477647	38
0.478035	38
0.478423	38
0.47881	38
0.479198	37
0.479586	37
0.479973	37
0.480361	37
0.480749	36
0.481137	36
0.481524	36
0.481912	36
0.4823	35
0.482688	35
0.483075	35
0.483463	35
0.483851	34
0.484238	34
0.484626	34
0.485014	33
0.485402	33
0.485789	33
0.497403	34
0.497791	33
0.498373	33
0.498761	33
0.499148	32
0.499536	32
0.500118	32
0.500505	31
0.500893	31
0.501284	31
0.501866	31
0.502259	31
0.502652	31
0.503047	31
0.503442	31
0.503836	30
0.504383	30
0.504782	30
0.505358	30
0.505758	30
0.50616	30
0.506709	30
0.507112	30
0.507513	30
0.507912	30
0.508309	30
0.508705	30
0.509099	30
0.509491	30
0.509879	30
0.510266	30
0.510654	30
0.511042	30
0.51143	30
0.511817	30
0.512205	30
0.512593	30
0.512981	30
0.513368	30
0.513756	30
0.514144	30
0.514532	30
0.514919	30
0.515307	30
0.515695	30
0.516082	30
0.51647	30
0.516858	30
0.517246	30
0.517633	30
0.518021	30
0.518409	30
0.528016	30
0.528404	30
0.528792	30
0.52918	30
0.529567	30
0.529955	30
0.530343	30
0.530731	30
0.531118	30
0.531506	30
0.531894	30
0.532281	30
0.532669	30
0.533057	30
0.533445	30
0.533832	30
0.53422	30
0.534608	30
0.534996	30
0.535383	30
0.535771	30
0.536159	30
0.536546	30
0.536934	30
0.537322	30
0.53771	30
0.538097	30
0.538485	30
0.538873	30
0.539261	30
0.539648	30
0.540036	31
0.540424	31
0.540812	31
0.541199	31
0.541587	31
0.541975	31
0.542362	31
0.54275	31
0.543138	31
0.543526	31
0.543913	31
0.544301	31
0.544689	31
0.545077	31
0.545464	31
0.545852	31
0.54624	31
0.546628	31
0.547015	31
0.547403	31
0.547791	31
0.548178	32
0.548566	32
0.548954	32
0.549342	32
0.549729	32
0.550117	32
0.550505	32
0.550893	32
0.558242	33
0.558629	32
0.559017	32
0.559405	32
0.559793	32
0.56018	31
0.560568	31
0.560956	31
0.561343	31
0.561731	31
0.562119	31
0.562507	31
0.562894	31
0.563282	31
0.56367	31
0.564058	31
0.564445	31
0.564833	31
0.565221	31
0.565608	31
0.565996	31
0.566384	31
0.566772	31
0.567159	31
0.567547	31
0.567935	31
0.568323	31
0.56871	31
0.569098	31
0.569486	31
0.569874	31
0.570261	31
0.570649	31
0.571037	31
0.571424	31
0.571812	31
0.5722	32
0.572588	32
0.572975	32
0.573363	32
0.573751	32
0.574139	32
0.574526	32
0.574914	32
0.575302	32
0.57569	32
0.576077	32
0.576465	32
0.576853	32
0.57724	32
0.577628	32
0.578016	32
0.578404	32
0.578791	32
0.579179	33
0.579567	33
0.579955	33
0.580342	33
0.58073	33
0.581118	33
0.581506	33
0.581893	33
0.582281	33
0.582669	33
0.583056	33
0.583444	33
0.583832	33
0.58422	33
0.584607	33
0.584995	33
0.588855	33
0.589242	32
0.58963	32
0.590018	32
0.590405	32
0.590793	31
0.591181	31
0.591569	31
0.591956	31
0.592344	31
0.592732	31
0.59312	31
0.593507	31
0.593895	31
0.594283	31
0.59467	31
0.595058	31
0.595446	31
0.595834	31
0.596221	31
0.596609	31
0.596997	31
0.597385	31
0.597772	31
0.59816	31
0.598548	31
0.598936	31
0.599323	32
0.599711	32
0.600099	32
0.600486	32
0.600874	32
0.601262	32
0.60165	32
0.602037	32
0.602425	32
0.602813	32
0.603201	32
0.603588	32
0.603976	32
0.604364	33
0.604752	33
0.605139	33
0.605527	33
0.605915	33
0.606302	33
0.60669	33
0.607078	33
0.607466	33
0.607853	33
0.608241	33
0.608629	33
0.609017	34
0.609404	34
0.609792	34
0.61018	34
0.610568	34
0.610955	34
0.611343	34
0.611731	34
0.612118	34
0.612506	34
0.612894	34
0.613282	34
0.613669	34
0.614057	34
0.614445	35
0.614833	35
0.61522	35
0.615608	35
0.615996	35
0.616383	35
0.616771	35
0.617159	35
0.617547	35
0.617934	35
0.618322	35
0.61871	35
0.619098	35
0.619485	35
0.619873	35
0.620261	35
0.620649	35
0.621036	35
0.621424	34
0.621812	34
0.622199	34
0.622587	33
0.622975	33
0.623363	33
0.62375	33
0.624138	33
0.624526	33
0.624914	33
0.625301	33
0.625689	32
0.626077	32
0.626465	32
0.626852	32
0.62724	32
0.627628	32
0.628015	32
0.628403	32
0.628791	32
0.629179	32
0.629566	32
0.629954	32
0.630342	32
0.63073	32
0.631117	33
0.631505	33
0.631893	33
0.63228	33
0.632668	33
0.633056	33
0.633444	33
0.633831	33
0.634219	33
0.634607	33
0.634995	33
0.635382	33
0.63577	33
0.636158	33
0.636546	33
0.636933	33
0.637321	33
0.637709	33
0.638096	33
0.638484	33
0.638872	33
0.63926	33
0.639647	33
0.640035	33
0.640423	33
0.640811	33
0.641198	33
0.641586	33
0.641974	33
0.642362	33
0.642749	33
0.643137	33
0.643525	33
0.643912	33
0.6443	33
0.644688	33
0.645076	33
0.645463	33
0.645851	33
0.646239	33
0.646627	33
0.647014	33
0.647402	33
0.64779	33
0.648178	33
0.648565	33
0.648953	32
0.649341	32
0.649728	32
0.650116	32
0.650504	32
0.650892	32
0.651279	32
0.651667	32
0.652055	32
0.652443	32
0.65283	32
0.653218	32
0.653606	32
0.653993	32
0.654381	32
0.654769	32
0.655157	32
0.655544	32
0.655932	32
0.65632	32
0.656708	32
0.657095	32
0.657483	32
0.657871	32
0.658259	32
0.658646	32
0.659034	32
0.659422	32
0.659809	32
0.660197	32
0.660585	32
0.660973	32
0.66136	32
0.661748	32
0.662136	32
0.662524	32
0.662911	32
0.663299	32
0.663687	32
0.664075	32
0.664462	32
0.66485	32
0.665238	33
0.665625	33
0.666013	33
0.666401	33
0.666789	33
0.667176	33
0.667564	33
0.667952	33
0.66834	33
0.668727	33
0.669115	33
0.669503	33
0.669891	33
0.670278	33
0.670666	33
0.671054	33
0.671441	33
0.671829	33
0.672217	33
0.672605	33
0.672992	33
0.67338	33
0.673768	33
0.674156	33
0.674543	33
0.674931	33
0.675319	33
0.675706	33
0.676094	33
0.676482	33
0.67687	33
0.677257	33
0.677645	33
0.678033	33
0.678421	33
0.678808	33
0.679196	33
0.679584	33
0.679972	33
0.680359	33
0.680747	33
0.681135	33
0.681522	33
0.68191	33
0.682298	33
0.682686	33
0.683073	33
0.683461	33
0.683849	33
0.684237	33
0.684624	33
0.685012	33
0.6854	33
0.685788	33
0.686175	34
0.686563	34
0.686951	34
0.687338	34
0.687726	34
0.688114	34
0.688502	34
0.688889	34
0.689277	34
0.689665	34
0.690053	34
0.69044	34
0.690828	34
0.691216	34
0.691603	34
0.691991	34
0.692379	34
0.692767	34
0.693154	34
0.693542	34
0.69393	34
0.694318	34
0.694705	34
0.695093	34
0.695481	34
0.695869	34
0.696256	35
0.696644	35
0.697032	35
0.697419	35
0.697807	35
0.698195	35
0.698583	35
0.69897	35
0.699358	35
0.699746	35
0.700134	35
0.700521	35
0.700909	35
0.701297	35
0.701685	35
0.702072	35
0.70246	35
0.702848	35
0.703235	35
0.703623	35
0.704011	35
0.704399	35
0.704786	35
0.705174	35
0.705562	35
0.70595	35
0.706337	35
0.706725	35
0.707113	35
0.707501	35
0.707888	35
0.708276	35
0.708664	35
0.709051	36
0.709439	36
0.709827	36
0.710215	36
0.710602	36
0.71099	36
0.711378	36
0.711766	36
0.712153	36
0.712541	36
0.712929	36
0.713316	36
0.713704	36
0.714092	36
0.71448	36
0.714867	36
0.715255	36
0.715643	36
0.716031	36
0.716418	36
0.716806	36
0.717194	36
0.717582	36
0.717969	36
0.718357	36
0.718745	36
0.719132	36
0.71952	36
0.719908	36
0.720296	36
0.720683	36
0.721071	36
0.721459	36
0.721847	35
0.722234	35
0.722622	35
0.72301	35
0.723398	35
0.723785	35
0.724173	35
0.724561	35
0.724948	35
0.725336	35
0.725724	35
0.726112	35
0.726499	35
0.726887	35
0.727275	35
0.727663	35
0.72805	35
0.728438	35
0.728826	35
0.729213	35
0.729601	35
0.729989	35
0.730377	35
0.730764	35
0.731152	35
0.73154	34
0.731928	34
0.732315	34
0.732703	34
0.733091	34
0.733479	34
0.733866	34
0.734254	34
0.734642	34
0.735029	34
0.735417	34
0.735805	34
0.736193	34
0.73658	34
0.736968	34
0.737356	34
0.737744	33
0.738131	33
0.738519	33
0.738907	33
0.739295	33
0.739682	33
0.74007	33
0.740458	33
0.740845	33
0.741233	33
0.741621	33
0.742009	33
0.742396	33
0.742784	33
0.743172	33
0.74356	33
0.743947	33
0.744335	33
0.744723	33
0.745111	33
0.745498	33
0.745886	33
0.746274	33
0.746661	32
0.747049	32
0.747437	32
0.747825	32
0.748212	32
0.7486	32
0.748988	32
0.749376	32
0.749763	32
0.750151	32
0.750539	32
0.750926	32
0.751314	32
0.751702	32
0.75209	32
0.752477	32
0.752865	32
0.753253	32
0.753641	32
0.754028	32
0.754416	31
0.754804	31
0.755192	31
0.755579	31
0.755967	31
0.756355	31
0.756742	31
0.75713	31
0.757518	31
0.757906	31
0.758293	31
0.758681	31
0.759069	31
0.759457	31
0.759844	31
0.760232	31
0.76062	31
0.761008	31
0.761395	31
0.761783	30
0.762171	30
0.762558	30
0.762946	30
0.763334	30
0.763722	30
0.764109	30
0.764497	30
0.764885	30
0.765273	30
0.76566	30
0.766048	30
0.766436	30
0.766824	30
0.767211	30
0.767599	30
0.767987	30
0.768374	30
0.768762	30
0.76915	30
0.769538	30
0.769925	30
0.770313	30
0.770701	30
0.771089	31
0.771476	31
0.771864	31
0.772252	31
0.772639	31
0.773027	31
0.773415	31
0.773803	31
0.77419	31
0.774578	31
0.774966	31
0.775354	31
0.775741	31
0.776129	31
0.776517	31
0.776905	31
0.777292	31
0.77768	31
0.778068	31
0.778455	31
0.778843	31
0.779231	31
0.779619	31
0.780006	32
0.780394	32
0.780782	32
0.78117	32
0.781557	32
0.781945	32
0.782333	32
0.782721	32
0.783108	32
0.783496	32
0.783884	32
0.784271	32
0.784659	32
0.785047	32
0.785435	32
0.785822	32
0.78621	32
0.786598	32
0.786986	32
0.787373	32
0.787761	32
0.788149	32
0.788536	32
0.788924	32
0.789312	32
0.7897	32
0.790087	33
0.790475	33
0.790863	33
0.791251	33
0.791638	33
0.792026	33
0.792414	33
0.792802	33
0.793189	33
0.793577	33
0.793965	33
0.794352	33
0.79474	33
0.795128	33
0.795516	33
0.795903	33
0.796291	33
0.796679	33
0.797067	33
0.797454	33
0.797842	33
0.79823	33
0.798618	33
0.799005	33
0.799393	34
0.799781	34
0.800168	34
0.800556	34
0.800944	34
0.801332	34
0.801719	34
0.802107	34
0.802495	34
0.802883	34
0.80327	34
0.803658	34
0.804046	34
0.804434	34
0.804821	34
0.805209	34
0.805597	34
0.805984	34
0.806372	34
0.80676	34
0.807148	34
0.807535	34
0.807923	34
0.808311	34
0.808699	34
0.809086	35
0.809474	35
0.809862	35
0.810249	35
0.810637	35
0.811025	35
0.811413	35
0.8118	35
0.812188	35
0.812576	35
0.812964	35
0.813351	35
0.813739	35
0.814127	35
0.814515	35
0.814902	35
0.81529	35
0.815678	35
0.816065	35
0.816453	35
0.816841	35
0.817229	35
0.817616	35
0.818004	35
0.818392	35
0.81878	35
0.819167	36
0.819555	36
0.819943	36
0.820331	36
0.820718	36
0.821106	36
0.821494	36
0.821881	36
0.822269	36
0.822657	36
0.823045	36
0.823432	36
0.82382	36
0.824208	36
0.824596	36
0.824983	36
0.825371	36
0.825759	36
0.826146	36
0.826534	36
0.826922	36
0.82731	36
0.827697	36
0.828085	36
0.828473	36
0.828861	36
0.829248	36
0.829636	36
0.830024	36
0.830412	36
0.830799	36
0.831187	36
0.831575	36
0.831962	36
0.83235	36
0.832738	36
0.833126	36
0.833513	36
0.833901	36
0.834289	36
0.834677	36
0.835064	36
0.835452	36
0.83584	36
0.836228	36
0.836615	36
0.837003	36
0.837391	36
0.837778	36
0.838166	36
0.838554	36
0.838942	36
0.839329	36
0.839717	36
0.840105	36
0.840493	36
0.84088	36
0.841268	36
0.841656	36
0.842044	36
0.842431	36
0.842819	35
0.843207	35
0.843594	35
0.843982	35
0.84437	35
0.844758	35
0.845145	35
0.845533	35
0.845921	35
0.846309	35
0.846696	35
0.847084	35
0.847472	35
0.847859	35
0.848247	35
0.848635	35
0.849023	35
0.84941	35
0.849798	35
0.850186	35
0.850574	35
0.850961	34
0.851349	34
0.851737	34
0.852125	34
0.852512	34
0.8529	34
0.853288	34
0.853675	34
0.854063	34
0.854451	34
0.854839	34
0.855226	34
0.855614	34
0.856002	34
0.85639	34
0.856777	34
0.857165	34
0.857553	34
0.857941	34
0.858328	34
0.858716	33
0.859104	33
0.859491	33
0.859879	33
0.860267	33
0.860655	33
0.861042	33
0.86143	33
0.861818	33
0.862206	33
0.862593	33
0.862981	33
0.863369	33
0.863757	33
0.864144	33
0.864532	33
0.86492	33
0.865307	33
0.865695	32
0.866083	32
0.866471	32
0.866858	32
0.867246	32
0.867634	32
0.868022	32
0.868409	32
0.868797	32
0.869185	32
0.869572	32
0.86996	32
0.870348	32
0.870736	32
0.871123	32
0.871511	32
0.871899	32
0.872287	32
0.872674	32
0.873062	32
0.87345	32
0.873838	31
0.874225	31
0.874613	31
0.875001	31
0.875388	31
0.875776	31
0.876164	31
0.876552	31
0.876939	31
0.877327	31
0.877715	31
0.878103	31
0.87849	31
0.878878	31
0.879266	31
0.879654	31
0.880041	31
0.880429	31
0.880817	30
0.881204	30
0.881592	30
0.88198	30
0.882368	30
0.882755	30
0.883143	30
0.883531	30
0.883919	30
0.884306	30
0.884694	30
0.885082	30
0.885469	30
0.885857	30
0.886245	30
0.886633	30
0.88702	30
0.887408	30
0.887796	30
0.888184	30
0.888571	30
0.888959	30
0.889347	30
0.889735	30
0.890122	30
0.89051	30
0.890898	30
0.891285	31
0.891673	31
0.892061	31
0.892449	31
0.892836	31
0.893224	31
0.893612	31
0.894	31
0.894387	31
0.894775	31
0.895163	31
0.895551	31
0.895938	31
0.896326	31
0.896714	31
0.897101	31
0.897489	31
0.897877	31
0.898265	31
0.898652	31
0.89904	31
0.899428	31
0.899816	31
0.900203	31
0.900591	31
0.900979	31
0.901367	32
0.901754	32
0.902142	32
0.90253	32
0.902917	32
0.903305	32
0.903693	32
0.904081	32
0.904468	32
0.904856	32
0.905244	32
0.905632	32
0.906019	32
0.906407	32
0.906795	32
0.907182	32
0.90757	32
0.907958	32
0.908346	32
0.908733	32
0.909121	32
0.909509	32
0.909897	32
0.910284	32
0.910672	32
0.91106	33
0.911448	33
0.911835	33
0.912223	33
0.912611	33
0.912998	33
0.913386	33
0.913774	33
0.914162	33
0.914549	33
0.914937	33
0.915325	33
0.915713	33
0.9161	33
0.916488	33
0.916876	33
0.917264	33
0.917651	33
0.918039	33
0.918427	33
0.918814	33
0.919202	33
0.91959	33
0.919978	33
0.920365	34
0.920753	34
0.921141	34
0.921529	34
0.921916	34
0.922304	34
0.922692	34
0.923079	34
0.923467	34
0.923855	34
0.924243	34
0.92463	34
0.925018	34
0.925406	34
0.925794	34
0.926181	34
0.926569	34
0.926957	34
0.927345	34
0.927732	34
0.92812	34
0.928508	34
0.928895	34
0.929283	34
0.929671	34
0.930059	35
0.930446	35
0.930834	35
0.931222	35
0.93161	35
0.931997	35
0.932385	35
0.932773	35
0.933161	35
0.933548	35
0.933936	35
0.934324	35
0.934711	35
0.935099	35
0.935487	35
0.935875	35
0.936262	35
0.93665	35
0.937038	35
0.937426	35
0.937813	35
0.938201	35
0.938589	35
0.938977	35
0.939364	35
0.939752	35
0.94014	36
0.940527	36
0.940915	36
0.941303	36
0.941691	36
0.942078	36
0.942466	36
0.942854	36
0.943242	36
0.943629	36
0.944017	36
0.944405	36
0.944792	36
0.94518	36
0.945568	36
0.945956	36
0.946343	36
0.946731	36
0.947119	36
0.947507	36
0.947894	36
0.948282	36
0.94867	36
0.949058	36
0.949445	36
0.949833	36
0.950221	36
0.950608	36
0.950996	36
0.951384	36
0.951772	36
0.952159	36
0.952547	36
0.952935	36
0.953323	36
0.95371	36
0.954098	36
0.954486	36
0.954874	36
0.955261	36
0.955649	36
0.956037	36
0.956424	36
0.956812	36
0.9572	36
0.957588	36
0.957975	36
0.958363	36
0.958751	36
0.959139	36
0.959526	36
0.959914	36
0.960302	36
0.96069	36
0.961077	36
0.961465	36
0.961853	36
0.96224	36
0.962628	36
0.963016	36
0.963404	36
0.963791	35
0.964179	35
0.964567	35
0.964955	35
0.965342	35
0.96573	35
0.966118	35
0.966505	35
0.966893	35
0.967281	35
0.967669	35
0.968056	35
0.968444	35
0.968832	35
0.96922	35
0.969607	35
0.969995	35
0.970383	35
0.970771	35
0.971158	35
0.971546	34
0.971934	34
0.972321	34
0.972709	34
0.973097	34
0.973485	34
0.973872	34
0.97426	34
0.974648	34
0.975036	34
0.975423	34
0.975811	34
0.976199	34
0.976587	34
0.976974	34
0.977362	34
0.97775	34
0.978137	34
0.978525	34
0.978913	33
0.979301	33
0.979688	33
0.980076	33
0.980464	33
0.980852	33
0.981239	33
0.981627	33
0.982015	33
0.982402	33
0.98279	33
0.983178	33
0.983566	33
0.983953	33
0.984341	33
0.984729	33
0.985117	33
0.985504	33
0.985892	33
0.98628	33
0.986668	32
0.987055	32
0.987443	32
0.987831	32
0.988218	32
0.988606	32
0.988994	32
0.989382	32
0.989769	32
0.990157	32
0.990545	32
0.990933	32
0.99132	32
0.991708	32
0.992096	32
0.992484	32
0.992871	32
0.993259	32
0.993647	32
0.994034	32
0.994422	32
0.99481	31
0.995198	31
0.995585	31
0.995973	31
0.996361	31
0.996749	31
0.997136	31
0.997524	31
0.997912	31
0.9983	31
0.998687	31
0.999075	31
0.999463	31
0.99985	31
1.00024	31
1.00063	31
1.00101	31
1.0014	31
1.00179	31
1.00218	31
1.00256	31
1.00295	30
1.00334	30
1.00373	30
1.00412	30
1.0045	30
1.00489	30
1.00528	30
1.00567	30
1.00605	30
1.00644	30
1.00683	30
1.00722	30
1.00761	30
1.00799	30
1.00838	30
1.00877	30
1.00916	30
1.00954	30
1.00993	30
1.01032	30
1.01071	30
1.01109	31
1.01148	31
1.01187	31
1.01226	31
1.01265	31
1.01303	31
1.01342	31
1.01381	31
1.0142	31
1.01458	31
1.01497	31
1.01536	31
1.01575	31
1.01614	31
1.01652	31
1.01691	31
1.0173	31
1.01769	31
1.01807	31
1.01846	31
1.01885	31
1.01924	31
1.01962	31
1.02001	32
1.0204	32
1.02079	32
1.02118	32
1.02156	32
1.02195	32
1.02234	32
1.02273	32
1.02311	32
1.0235	32
1.02389	32
1.02428	32
1.02467	32
1.02505	32
1.02544	32
1.02583	32
1.02622	32
1.0266	32
1.02699	32
1.02738	32
1.02777	32
1.02815	32
1.02854	32
1.02893	32
1.02932	32
1.02971	32
1.03009	33
1.03048	33
1.03087	33
1.03126	33
1.03164	33
1.03203	33
1.03242	33
1.03281	33
1.0332	33
1.03358	33
1.03397	33
1.03436	33
1.03475	33
1.03513	33
1.03552	33
1.03591	33
1.0363	33
1.03668	33
1.03707	33
1.03746	33
1.03785	33
1.03824	33
1.03862	33
1.03901	33
1.0394	33
1.03979	33
1.04017	34
1.04056	34
1.04095	34
1.04134	34
1.04173	34
1.04211	34
1.0425	34
1.04289	34
1.04328	34
1.04366	34
1.04405	34
1.04444	34
1.04483	34
1.04522	34
