0.0300173	1
0.0300173	2
0.0300173	3
0.0300173	4
0.0300173	5
0.0300173	6
0.0300173	7
0.0300173	8
0.0300173	9
0.0356173	10
0.0602429	9
0.0602429	10
0.0606307	8
0.0610184	6
0.0614061	4
0.0617429	5
0.0617939	3
0.0632429	4
0.0647429	5
0.0662429	6
0.0677429	7
0.0692429	8
0.0707429	9
0.0722429	10
0.0904681	8
0.0904681	9
0.0921681	10
0.0934681	8
0.0938681	9
0.0955181	10
0.0964681	8
0.0971681	9
0.0979931	10
0.0988181	11
0.0994681	9
0.0996431	10
0.100468	11
0.101293	12
0.102118	13
0.102468	11
0.102943	12
0.103768	13
0.104593	14
0.105418	15
0.106243	16
0.107068	17
0.107893	18
0.108718	19
0.109543	20
0.122393	18
0.122393	19
0.123218	20
0.125743	18
0.125743	19
0.126543	20
0.128218	18
0.128218	19
0.129018	20
0.129868	18
0.129868	19
0.130268	20
0.130668	21
0.131068	22
0.131468	23
0.131518	21
0.131868	22
0.132268	23
0.132668	24
0.133068	25
0.133168	23
0.133468	24
0.133868	25
0.134268	26
0.134668	27
0.134818	25
0.135068	26
0.135456	27
0.135843	28
0.136231	29
0.136468	27
0.136618	28
0.137006	29
0.137393	30
0.137781	31
0.138118	29
0.138168	30
0.138556	31
0.138943	32
0.139331	33
0.139718	34
0.139768	32
0.140106	33
0.140493	34
0.140881	35
0.141268	36
0.141656	37
0.142043	38
0.142431	39
0.142818	40
0.153444	38
0.153444	39
0.153831	40
0.156769	38
0.156769	39
0.157156	40
0.159244	38
0.159244	39
0.159631	40
0.160494	38
0.160494	39
0.160881	40
0.161294	38
0.161294	39
0.161487	40
0.161681	41
0.161875	42
0.162069	43
0.162094	41
0.162262	42
0.162456	43
0.16265	44
0.162844	45
0.162894	43
0.163037	44
0.163231	45
0.163425	46
0.163619	47
0.163694	45
0.163812	46
0.164	47
0.164187	48
0.164375	49
0.164494	47
0.164562	48
0.16475	49
0.164937	50
0.165125	51
0.165294	49
0.165312	50
0.1655	51
0.165687	52
0.165875	53
0.166062	54
0.166069	52
0.16625	53
0.166437	54
0.166625	55
0.166812	56
0.166844	54
0.167	55
0.167187	56
0.167375	57
0.167562	58
0.167619	56
0.16775	57
0.167937	58
0.168125	59
0.168312	60
0.168394	58
0.1685	59
0.168687	60
0.168875	61
0.169062	62
0.169169	60
0.16925	61
0.169437	62
0.169625	63
0.169812	64
0.169944	62
0.17	63
0.170187	64
0.170375	65
0.170562	66
0.170719	64
0.17075	65
0.170937	66
0.171125	67
0.171312	68
0.171494	66
0.1715	67
0.171687	68
0.171875	69
0.172062	70
0.17225	71
0.172269	69
0.172437	70
0.172625	71
0.172812	72
0.173	73
0.173044	71
0.173187	72
0.173375	73
0.173562	74
0.17375	75
0.173937	76
0.174125	77
0.174312	78
0.1745	79
0.174687	80
0.184056	78
0.184056	79
0.184244	80
0.187381	78
0.187381	79
0.187569	80
0.189856	78
0.189856	79
0.190044	80
0.191106	78
0.191106	79
0.191294	80
0.191713	78
0.191713	79
0.1919	80
0.1921	78
0.1921	79
0.192194	80
0.192288	81
0.192382	82
0.192475	83
0.192488	81
0.192569	82
0.192663	83
0.192757	84
0.19285	85
0.192876	83
0.192944	84
0.193038	85
0.193132	86
0.193225	87
0.193264	85
0.193319	86
0.193413	87
0.193507	88
0.1936	89
0.193651	87
0.193694	88
0.193788	89
0.193882	90
0.193975	91
0.194039	89
0.194069	90
0.194163	91
0.194257	92
0.19435	93
0.194427	91
0.194444	92
0.194538	93
0.194632	94
0.194725	95
0.194814	93
0.194819	94
0.194913	95
0.195007	96
0.1951	97
0.195194	98
0.195202	96
0.195288	97
0.195382	98
0.195475	99
0.195569	100
0.19559	98
0.195663	99
0.195757	100
0.19585	101
0.195944	102
0.195978	100
0.196038	101
0.196132	102
0.196225	103
0.196319	104
0.196365	102
0.196413	103
0.196507	104
0.1966	105
0.196694	106
0.196753	104
0.196788	105
0.196882	106
0.196975	107
0.197069	108
0.197141	106
0.197163	107
0.197257	108
0.19735	109
0.197444	110
0.197529	108
0.197538	109
0.197632	110
0.197725	111
0.197819	112
0.197913	113
0.197916	111
0.198007	112
0.1981	113
0.198194	114
0.198288	115
0.198304	113
0.198382	114
0.198475	115
0.198569	116
0.198663	117
0.198692	115
0.198757	116
0.19885	117
0.198944	118
0.199038	119
0.199079	117
0.199132	118
0.199225	119
0.199319	120
0.199413	121
0.199467	119
0.199507	120
0.1996	121
0.199694	122
0.199788	123
0.199855	121
0.199882	122
0.199975	123
0.200069	124
0.200163	125
0.200243	123
0.200257	124
0.20035	125
0.200444	126
0.200538	127
0.20063	125
0.200632	126
0.200725	127
0.200819	128
0.200913	129
0.201007	130
0.201018	128
0.2011	129
0.201194	130
0.201288	131
0.201382	132
0.201406	130
0.201475	131
0.201569	132
0.201663	133
0.201757	134
0.201794	132
0.20185	133
0.201944	134
0.202038	135
0.202132	136
0.202181	134
0.202225	135
0.202319	136
0.202413	137
0.202507	138
0.202569	136
0.2026	137
0.202694	138
0.202788	139
0.202882	140
0.202957	138
0.202975	139
0.203069	140
0.203163	141
0.203257	142
0.203345	140
0.20335	141
0.203444	142
0.203538	143
0.203632	144
0.203725	145
0.203732	143
0.203819	144
0.203913	145
0.204007	146
0.2041	147
0.20412	145
0.204194	146
0.204288	147
0.204382	148
0.204475	149
0.204508	147
0.204569	148
0.204663	149
0.204757	150
0.20485	151
0.204895	149
0.204944	150
0.205038	151
0.205132	152
0.205225	153
0.205283	151
0.205319	152
0.205413	153
0.205507	154
0.2056	155
0.205694	156
0.205788	157
0.205882	158
0.205975	159
0.206069	160
0.214475	158
0.214475	159
0.214569	160
0.2178	158
0.2178	159
0.217894	160
0.220275	158
0.220275	159
0.220369	160
0.221525	158
0.221525	159
0.221619	160
0.222132	158
0.222132	159
0.222225	160
0.222519	158
0.222519	159
0.222613	160
0.222907	158
0.222907	159
0.222954	160
0.223001	161
0.223048	162
0.223095	163
0.223141	164
0.223188	165
0.223235	166
0.223282	167
0.223295	165
0.223329	166
0.223376	167
0.223423	168
0.22347	169
0.223516	170
0.223563	171
0.22361	172
0.223657	173
0.223683	171
0.223704	172
0.223751	173
0.223798	174
0.223845	175
0.223891	176
0.223938	177
0.223985	178
0.224032	179
0.22407	177
0.224079	178
0.224126	179
0.224173	180
0.22422	181
0.224266	182
0.224313	183
0.22436	184
0.224407	185
0.224454	186
0.224458	184
0.224501	185
0.224548	186
0.224595	187
0.224641	188
0.224688	189
0.224735	190
0.224782	191
0.224829	192
0.224846	190
0.224876	191
0.224923	192
0.22497	193
0.225016	194
0.225063	195
0.22511	196
0.225157	197
0.225204	198
0.225234	196
0.225251	197
0.225298	198
0.225345	199
0.225391	200
0.225621	198
0.225621	199
0.22567	200
0.226009	198
0.226009	199
0.226057	200
0.226397	198
0.226397	199
0.226445	200
0.226784	198
0.226784	199
0.226833	200
0.227172	198
0.227172	199
0.227221	200
0.22756	198
0.22756	199
0.227608	200
0.227948	198
0.227948	199
0.227998	200
0.228335	198
0.228335	199
0.228385	200
0.228723	198
0.228723	199
0.228773	200
0.229111	198
0.229111	199
0.229161	200
0.229499	198
0.229499	199
0.229549	200
0.229886	198
0.229886	199
0.229936	200
0.230274	198
0.230274	199
0.230326	200
0.230662	198
0.230662	199
0.230714	200
0.231049	198
0.231049	199
0.231101	200
0.231437	198
0.231437	199
0.231489	200
0.231825	198
0.231825	199
0.231877	200
0.232213	198
0.232213	199
0.232266	200
0.2326	198
0.2326	199
0.232654	200
0.232988	198
0.232988	199
0.233042	200
0.233376	198
0.233376	199
0.233429	200
0.233764	198
0.233764	199
0.233817	200
0.234151	198
0.234151	199
0.234206	200
0.234539	198
0.234539	199
0.234594	200
0.234927	198
0.234927	199
0.234982	200
0.235315	198
0.235315	199
0.23537	200
0.235702	198
0.235702	199
0.235757	200
0.23609	198
0.23609	199
0.236147	200
0.236478	198
0.236478	199
0.236535	200
0.236865	198
0.236865	199
0.236922	200
0.237253	198
0.237253	199
0.23731	200
0.237641	198
0.237641	199
0.237698	200
0.238029	198
0.238029	199
0.238087	200
0.238416	198
0.238416	199
0.238475	200
0.238804	198
0.238804	199
0.238863	200
0.239192	198
0.239192	199
0.23925	200
0.23958	198
0.23958	199
0.239638	200
0.239967	198
0.239967	199
0.240026	200
0.240355	198
0.240355	199
0.240415	200
0.240743	198
0.240743	199
0.240803	200
0.241131	198
0.241131	199
0.241191	200
0.241518	198
0.241518	199
0.241579	200
0.241906	198
0.241906	199
0.241966	200
0.242294	198
0.242294	199
0.242356	200
0.242681	198
0.242681	199
0.242743	200
0.243069	198
0.243069	199
0.243131	200
0.243457	198
0.243457	199
0.243519	200
0.243845	198
0.243845	199
0.243907	200
0.244232	198
0.244232	199
0.244296	200
0.24462	198
0.24462	199
0.244684	200
0.245008	198
0.245008	199
0.245072	200
0.245396	198
0.245396	199
0.245459	200
0.245783	198
0.245783	199
0.245849	200
0.246171	198
0.246171	199
0.246236	200
0.246559	198
0.246559	199
0.246624	200
0.246946	198
0.246946	199
0.247012	200
0.247334	198
0.247334	199
0.2474	200
0.247722	198
0.247722	199
0.247787	200
0.24811	198
0.24811	199
0.248177	200
0.248497	198
0.248497	199
0.248565	200
0.248885	198
0.248885	199
0.248952	200
0.249273	198
0.249273	199
0.24934	200
0.249661	198
0.249661	199
0.249728	200
0.250048	198
0.250048	199
0.250117	200
0.250436	198
0.250436	199
0.250505	200
0.250824	198
0.250824	199
0.250893	200
0.251212	198
0.251212	199
0.25128	200
0.251599	198
0.251599	199
0.251668	200
0.251987	198
0.251987	199
0.252053	200
0.252375	198
0.252375	199
0.252439	200
0.252762	198
0.252762	199
0.252825	200
0.25315	198
0.25315	199
0.253211	200
0.253538	198
0.253538	199
0.253597	200
0.253926	198
0.253926	199
0.253983	200
0.254313	198
0.254313	199
0.254369	200
0.254701	198
0.254701	199
0.254757	200
0.255089	198
0.255089	199
0.255143	200
0.255477	198
0.255477	199
0.255531	200
0.255864	198
0.255864	199
0.255919	200
0.256252	198
0.256252	199
0.256306	200
0.25664	198
0.25664	199
0.256693	200
0.257028	198
0.257028	199
0.25708	200
0.257415	198
0.257415	199
0.257468	200
0.257803	198
0.257803	199
0.257856	200
0.258191	198
0.258191	199
0.258245	200
0.258578	198
0.258578	199
0.258633	200
0.258966	198
0.258966	199
0.259021	200
0.259354	198
0.259354	199
0.259408	200
0.259742	198
0.259742	199
0.259796	200
0.260129	198
0.260129	199
0.260184	200
0.260517	198
0.260517	199
0.260572	200
0.260905	198
0.260905	199
0.260959	200
0.261293	198
0.261293	199
0.261349	200
0.26168	198
0.26168	199
0.261737	200
0.262068	198
0.262068	199
0.262124	200
0.262456	198
0.262456	199
0.262512	200
0.262844	198
0.262844	199
0.262901	200
0.263231	198
0.263231	199
0.263289	200
0.263619	198
0.263619	199
0.263677	200
0.264007	198
0.264007	199
0.264065	200
0.264394	198
0.264394	199
0.264454	200
0.264782	198
0.264782	199
0.264842	200
0.26517	198
0.26517	199
0.26523	200
0.265558	198
0.265558	199
0.265617	200
0.265945	198
0.265945	199
0.266005	200
0.266333	198
0.266333	199
0.266393	200
0.266721	198
0.266721	199
0.266781	200
0.267109	198
0.267109	199
0.26717	200
0.267496	198
0.267496	199
0.267558	200
0.267884	198
0.267884	199
0.267946	200
0.268272	198
0.268272	199
0.268333	200
0.268659	198
0.268659	199
0.268721	200
0.269047	198
0.269047	199
0.269109	200
0.269435	198
0.269435	199
0.269497	200
0.269823	198
0.269823	199
0.269884	200
0.27021	198
0.27021	199
0.270272	200
0.270598	198
0.270598	199
0.27066	200
0.270986	198
0.270986	199
0.271048	200
0.271374	198
0.271374	199
0.271435	200
0.271761	198
0.271761	199
0.271823	200
0.272149	198
0.272149	199
0.272211	200
0.272537	198
0.272537	199
0.272599	200
0.272925	198
0.272925	199
0.272986	200
0.273312	198
0.273312	199
0.273374	200
0.2737	198
0.2737	199
0.273762	200
0.274088	198
0.274088	199
0.27415	200
0.274475	198
0.274475	199
0.274537	200
0.274863	198
0.274863	199
0.274925	200
0.275251	198
0.275251	199
0.275313	200
0.275639	198
0.275639	199
0.275701	200
0.276026	198
0.276026	199
0.276088	200
0.276414	198
0.276414	199
0.276476	200
0.276802	198
0.276802	199
0.276864	200
0.27719	198
0.27719	199
0.277252	200
0.277577	198
0.277577	199
0.277639	200
0.277965	198
0.277965	199
0.278027	200
0.278353	198
0.278353	199
0.278415	200
0.278741	198
0.278741	199
0.278803	200
0.279128	198
0.279128	199
0.279191	200
0.279516	198
0.279516	199
0.279578	200
0.279904	198
0.279904	199
0.279966	200
0.280291	198
0.280291	199
0.280354	200
0.280679	198
0.280679	199
0.280742	200
0.281067	198
0.281067	199
0.281129	200
0.281455	198
0.281455	199
0.281517	200
0.281842	198
0.281842	199
0.281905	200
0.28223	198
0.28223	199
0.282293	200
0.282618	198
0.282618	199
0.28268	200
0.283006	198
0.283006	199
0.283068	200
0.283393	198
0.283393	199
0.283456	200
0.283781	198
0.283781	199
0.283844	200
0.284169	198
0.284169	199
0.284231	200
0.284557	198
0.284557	199
0.284619	200
0.284944	198
0.284944	199
0.285007	200
0.285332	198
0.285332	199
0.285395	200
0.28572	198
0.28572	199
0.285782	200
0.286107	198
0.286107	199
0.28617	200
0.286495	198
0.286495	199
0.286558	200
0.286883	198
0.286883	199
0.286946	200
0.287271	198
0.287271	199
0.287333	200
0.287658	198
0.287658	199
0.287721	200
0.288046	198
0.288046	199
0.288109	200
0.288434	198
0.288434	199
0.288497	200
0.288822	198
0.288822	199
0.288884	200
0.289209	198
0.289209	199
0.289272	200
0.289597	198
0.289597	199
0.28966	200
0.289985	198
0.289985	199
0.290048	200
0.290372	198
0.290372	199
0.290436	200
0.29076	198
0.29076	199
0.290823	200
0.291148	198
0.291148	199
0.291211	200
0.291536	198
0.291536	199
0.291599	200
0.291923	198
0.291923	199
0.291987	200
0.292311	198
0.292311	199
0.292374	200
0.292699	198
0.292699	199
0.292762	200
0.293087	198
0.293087	199
0.29315	200
0.293474	198
0.293474	199
0.293538	200
0.293862	198
0.293862	199
0.293925	200
0.29425	198
0.29425	199
0.294313	200
0.294638	198
0.294638	199
0.294701	200
0.295025	198
0.295025	199
0.295089	200
0.295413	198
0.295413	199
0.295476	200
0.295801	198
0.295801	199
0.295864	200
0.296188	198
0.296188	199
0.296252	200
0.296576	198
0.296576	199
0.29664	200
0.296964	198
0.296964	199
0.297027	200
0.297352	198
0.297352	199
0.297415	200
0.297739	198
0.297739	199
0.297803	200
0.298127	198
0.298127	199
0.298191	200
0.298515	198
0.298515	199
0.298578	200
0.298903	198
0.298903	199
0.298966	200
0.29929	198
0.29929	199
0.299354	200
0.299678	198
0.299678	199
0.299742	200
0.300066	198
0.300066	199
0.30013	200
0.300454	198
0.300454	199
0.300517	200
0.300841	198
0.300841	199
0.300905	200
0.301229	198
0.301229	199
0.301293	200
0.301617	198
0.301617	199
0.301681	200
0.302004	198
0.302004	199
0.302068	200
0.302392	198
0.302392	199
0.302456	200
0.30278	198
0.30278	199
0.302844	200
0.303168	198
0.303168	199
0.303232	200
0.303555	198
0.303555	199
0.303619	200
0.303943	198
0.303943	199
0.304007	200
0.304331	198
0.304331	199
0.304395	200
0.304719	198
0.304719	199
0.304783	200
0.305106	198
0.305106	199
0.30517	200
0.305494	198
0.305494	199
0.305558	200
0.305882	198
0.305882	199
0.305946	200
0.306269	198
0.306269	199
0.306334	200
0.306657	198
0.306657	199
0.306721	200
0.307045	198
0.307045	199
0.307109	200
0.307433	198
0.307433	199
0.307497	200
0.30782	198
0.30782	199
0.307885	200
0.308208	198
0.308208	199
0.308273	200
0.308596	198
0.308596	199
0.30866	200
0.308984	198
0.308984	199
0.309048	200
0.309371	198
0.309371	199
0.309436	200
0.309759	198
0.309759	199
0.309824	200
0.310147	198
0.310147	199
0.310211	200
0.310535	198
0.310535	199
0.310599	200
0.310922	198
0.310922	199
0.310987	200
0.31131	198
0.31131	199
0.311375	200
0.311698	198
0.311698	199
0.311762	200
0.312085	198
0.312085	199
0.31215	200
0.312473	198
0.312473	199
0.312538	200
0.312861	198
0.312861	199
0.312926	200
0.313249	198
0.313249	199
0.313313	200
0.313636	198
0.313636	199
0.313701	200
0.314024	198
0.314024	199
0.314089	200
0.314412	198
0.314412	199
0.314477	200
0.3148	198
0.3148	199
0.314864	200
0.315187	198
0.315187	199
0.315252	200
0.315575	198
0.315575	199
0.31564	200
0.315963	198
0.315963	199
0.316028	200
0.316351	198
0.316351	199
0.316416	200
0.316738	198
0.316738	199
0.316803	200
0.317126	198
0.317126	199
0.317191	200
0.317514	198
0.317514	199
0.317579	200
0.317901	198
0.317901	199
0.317967	200
0.318289	198
0.318289	199
0.318354	200
0.318677	198
0.318677	199
0.318742	200
0.319065	198
0.319065	199
0.31913	200
0.319452	198
0.319452	199
0.319518	200
0.31984	198
0.31984	199
0.319905	200
0.320228	198
0.320228	199
0.320293	200
0.320616	198
0.320616	199
0.320681	200
0.321003	198
0.321003	199
0.321069	200
0.321391	198
0.321391	199
0.321456	200
0.321779	198
0.321779	199
0.321844	200
0.322167	198
0.322167	199
0.322232	200
0.322554	198
0.322554	199
0.32262	200
0.322942	198
0.322942	199
0.323007	200
0.32333	198
0.32333	199
0.323395	200
0.323717	198
0.323717	199
0.323783	200
0.324105	198
0.324105	199
0.324171	200
0.324493	198
0.324493	199
0.324559	200
0.324881	198
0.324881	199
0.324946	200
0.325268	198
0.325268	199
0.325334	200
0.325656	198
0.325656	199
0.325722	200
0.326044	198
0.326044	199
0.32611	200
0.326432	198
0.326432	199
0.326497	200
0.326819	198
0.326819	199
0.326885	200
0.327207	198
0.327207	199
0.327273	200
0.327595	198
0.327595	199
0.327661	200
0.327982	198
0.327982	199
0.328048	200
0.32837	198
0.32837	199
0.328436	200
0.328758	198
0.328758	199
0.328824	200
0.329146	198
0.329146	199
0.329212	200
0.329533	198
0.329533	199
0.329599	200
0.329921	198
0.329921	199
0.329987	200
0.330309	198
0.330309	199
0.330375	200
0.330697	198
0.330697	199
0.330763	200
0.331084	198
0.331084	199
0.331151	200
0.331472	198
0.331472	199
0.331538	200
0.33186	198
0.33186	199
0.331926	200
0.332248	198
0.332248	199
0.332314	200
0.332635	198
0.332635	199
0.332702	200
0.333023	198
0.333023	199
0.333089	200
0.333411	198
0.333411	199
0.333477	200
0.333798	198
0.333798	199
0.333865	200
0.334186	198
0.334186	199
0.334253	200
0.334574	198
0.334574	199
0.33464	200
0.334962	198
0.334962	199
0.335028	200
0.335349	198
0.335349	199
0.335416	200
0.335737	198
0.335737	199
0.335804	200
0.336125	198
0.336125	199
0.336191	200
0.336513	198
0.336513	199
0.336579	200
0.3369	198
0.3369	199
0.336967	200
0.337288	198
0.337288	199
0.337355	200
0.337676	198
0.337676	199
0.337743	200
0.338064	198
0.338064	199
0.33813	200
0.338451	198
0.338451	199
0.338518	200
0.338839	198
0.338839	199
0.338906	200
0.339227	198
0.339227	199
0.339294	200
0.339614	198
0.339614	199
0.339681	200
0.340002	198
0.340002	199
0.340069	200
0.34039	198
0.34039	199
0.340457	200
0.340778	198
0.340778	199
0.340845	200
0.341165	198
0.341165	199
0.341232	200
0.341553	198
0.341553	199
0.34162	200
0.341941	198
0.341941	199
0.342008	200
0.342329	198
0.342329	199
0.342396	200
0.342716	198
0.342716	199
0.342783	200
0.343104	198
0.343104	199
0.343171	200
0.343492	198
0.343492	199
0.343559	200
0.343879	198
0.343879	199
0.343947	200
0.344267	198
0.344267	199
0.344335	200
0.344655	198
0.344655	199
0.344722	200
0.345043	198
0.345043	199
0.34511	200
0.34543	198
0.34543	199
0.345498	200
0.345818	198
0.345818	199
0.345886	200
0.346206	198
0.346206	199
0.346273	200
0.346594	198
0.346594	199
0.346661	200
0.346981	198
0.346981	199
0.347049	200
0.347369	198
0.347369	199
0.347437	200
0.347757	198
0.347757	199
0.347824	200
0.348145	198
0.348145	199
0.348212	200
0.348532	198
0.348532	199
0.3486	200
0.34892	198
0.34892	199
0.348988	200
0.349308	198
0.349308	199
0.349375	200
0.349695	198
0.349695	199
0.349763	200
0.350083	198
0.350083	199
0.350151	200
0.350471	198
0.350471	199
0.350539	200
0.350859	198
0.350859	199
0.350927	200
0.351246	198
0.351246	199
0.351314	200
0.351634	198
0.351634	199
0.351702	200
0.352022	198
0.352022	199
0.35209	200
0.35241	198
0.35241	199
0.352478	200
0.352797	198
0.352797	199
0.352865	200
0.353185	198
0.353185	199
0.353253	200
0.353573	198
0.353573	199
0.353641	200
0.353961	198
0.353961	199
0.354029	200
0.354348	198
0.354348	199
0.354416	200
0.354736	198
0.354736	199
0.354804	200
0.355124	198
0.355124	199
0.355192	200
0.355511	198
0.355511	199
0.35558	200
0.355899	198
0.355899	199
0.355968	200
0.356287	198
0.356287	199
0.356355	200
0.356675	198
0.356675	199
0.356743	200
0.357062	198
0.357062	199
0.357131	200
0.35745	198
0.35745	199
0.357519	200
0.357838	198
0.357838	199
0.357906	200
0.358226	198
0.358226	199
0.358294	200
0.358613	198
0.358613	199
0.358682	200
0.359001	198
0.359001	199
0.35907	200
0.359389	198
0.359389	199
0.359457	200
0.359777	198
0.359777	199
0.359845	200
0.360164	198
0.360164	199
0.360233	200
0.360552	198
0.360552	199
0.360621	200
0.36094	198
0.36094	199
0.361008	200
0.361327	198
0.361327	199
0.361396	200
0.361715	198
0.361715	199
0.361784	200
0.362103	198
0.362103	199
0.362172	200
0.362491	198
0.362491	199
0.36256	200
0.362878	198
0.362878	199
0.362947	200
0.363266	198
0.363266	199
0.363335	200
0.363654	198
0.363654	199
0.363723	200
0.364042	198
0.364042	199
0.364111	200
0.364429	198
0.364429	199
0.364498	200
0.364817	198
0.364817	199
0.364886	200
0.365205	198
0.365205	199
0.365274	200
0.365592	198
0.365592	199
0.365662	200
0.36598	198
0.36598	199
0.366049	200
0.366368	198
0.366368	199
0.366437	200
0.366756	198
0.366756	199
0.366825	200
0.367143	198
0.367143	199
0.367213	200
0.367531	198
0.367531	199
0.367601	200
0.367919	198
0.367919	199
0.367988	200
0.368307	198
0.368307	199
0.368376	200
0.368694	198
0.368694	199
0.368764	200
0.369082	198
0.369082	199
0.369152	200
0.36947	198
0.36947	199
0.369539	200
0.369858	198
0.369858	199
0.369927	200
0.370245	198
0.370245	199
0.370315	200
0.370633	198
0.370633	199
0.370703	200
0.371021	198
0.371021	199
0.37109	200
0.371408	198
0.371408	199
0.371478	200
0.371796	198
0.371796	199
0.371866	200
0.372184	198
0.372184	199
0.372254	200
0.372572	198
0.372572	199
0.372642	200
0.372959	198
0.372959	199
0.373029	200
0.373347	198
0.373347	199
0.373417	200
0.373735	198
0.373735	199
0.373805	200
0.374123	198
0.374123	199
0.374193	200
0.37451	198
0.37451	199
0.37458	200
0.374898	198
0.374898	199
0.374968	200
0.375286	198
0.375286	199
0.375356	200
0.375674	198
0.375674	199
0.375744	200
0.376061	198
0.376061	199
0.376131	200
0.376449	198
0.376449	199
0.376519	200
0.376837	198
0.376837	199
0.376907	200
0.377224	198
0.377224	199
0.377295	200
0.377612	198
0.377612	199
0.377683	200
0.378	198
0.378	199
0.37807	200
0.378388	198
0.378388	199
0.378458	200
0.378775	198
0.378775	199
0.378846	200
0.379163	198
0.379163	199
0.379234	200
0.379551	198
0.379551	199
0.379622	200
0.379939	198
0.379939	199
0.380009	200
0.380326	198
0.380326	199
0.380397	200
0.380714	198
0.380714	199
0.380785	200
0.381102	198
0.381102	199
0.381173	200
0.38149	198
0.38149	199
0.381561	200
0.381877	198
0.381877	199
0.381948	200
0.382265	198
0.382265	199
0.382336	200
0.382653	198
0.382653	199
0.382724	200
0.38304	198
0.38304	199
0.383112	200
0.383428	198
0.383428	199
0.3835	200
0.383816	198
0.383816	199
0.383888	200
0.384204	198
0.384204	199
0.384275	200
0.384591	198
0.384591	199
0.384663	200
0.384979	198
0.384979	199
0.385051	200
0.385367	198
0.385367	199
0.385439	200
0.385755	198
0.385755	199
0.385827	200
0.386142	198
0.386142	199
0.386214	200
0.38653	198
0.38653	199
0.386602	200
0.386918	198
0.386918	199
0.38699	200
0.387305	198
0.387305	199
0.387378	200
0.387693	198
0.387693	199
0.387766	200
0.388081	198
0.388081	199
0.388154	200
0.388469	198
0.388469	199
0.388541	200
0.388856	198
0.388856	199
0.388929	200
0.389244	198
0.389244	199
0.389317	200
0.389632	198
0.389632	199
0.389705	200
0.39002	198
0.39002	199
0.390093	200
0.390407	198
0.390407	199
0.39048	200
0.390795	198
0.390795	199
0.390868	200
0.391183	198
0.391183	199
0.391256	200
0.391571	198
0.391571	199
0.391644	200
0.391958	198
0.391958	199
0.392032	200
0.392346	198
0.392346	199
0.39242	200
0.392734	198
0.392734	199
0.392807	200
0.393121	198
0.393121	199
0.393195	200
0.393509	198
0.393509	199
0.393583	200
0.393897	198
0.393897	199
0.393971	200
0.394285	198
0.394285	199
0.394359	200
0.394672	198
0.394672	199
0.394746	200
0.39506	198
0.39506	199
0.395134	200
0.395448	198
0.395448	199
0.395522	200
0.395836	198
0.395836	199
0.39591	200
0.396223	198
0.396223	199
0.396298	200
0.396611	198
0.396611	199
0.396686	200
0.396999	198
0.396999	199
0.397073	200
0.397387	198
0.397387	199
0.397461	200
0.397774	198
0.397774	199
0.397849	200
0.398162	198
0.398162	199
0.398237	200
0.39855	198
0.39855	199
0.398625	200
0.398937	198
0.398937	199
0.399012	200
0.399325	198
0.399325	199
0.3994	200
0.399713	198
0.399713	199
0.399788	200
0.400101	198
0.400101	199
0.400176	200
0.400488	198
0.400488	199
0.400564	200
0.400876	198
0.400876	199
0.400952	200
0.401264	198
0.401264	199
0.401339	200
0.401652	198
0.401652	199
0.401727	200
0.402039	198
0.402039	199
0.402115	200
0.402427	198
0.402427	199
0.402503	200
0.402815	198
0.402815	199
0.402891	200
0.403202	198
0.403202	199
0.403279	200
0.40359	198
0.40359	199
0.403666	200
0.403978	198
0.403978	199
0.404054	200
0.404366	198
0.404366	199
0.404442	200
0.404753	198
0.404753	199
0.40483	200
0.405141	198
0.405141	199
0.405218	200
0.405529	198
0.405529	199
0.405606	200
0.405917	198
0.405917	199
0.405993	200
0.406304	198
0.406304	199
0.406381	200
0.406692	198
0.406692	199
0.406769	200
0.40708	198
0.40708	199
0.407157	200
0.407468	198
0.407468	199
0.407545	200
0.407855	198
0.407855	199
0.407933	200
0.408243	198
0.408243	199
0.40832	200
0.408631	198
0.408631	199
0.408708	200
0.409018	198
0.409018	199
0.409096	200
0.409406	198
0.409406	199
0.409484	200
0.409794	198
0.409794	199
0.409872	200
0.410182	198
0.410182	199
0.41026	200
0.410569	198
0.410569	199
0.410647	200
0.410957	198
0.410957	199
0.411035	200
0.411345	198
0.411345	199
0.411423	200
0.411733	198
0.411733	199
0.411811	200
0.41212	198
0.41212	199
0.412199	200
0.412508	198
0.412508	199
0.412587	200
0.412896	198
0.412896	199
0.412974	200
0.413284	198
0.413284	199
0.413362	200
0.413671	198
0.413671	199
0.41375	200
0.414059	198
0.414059	199
0.414138	200
0.414447	198
0.414447	199
0.414526	200
0.414834	198
0.414834	199
0.414914	200
0.415222	198
0.415222	199
0.415301	200
0.41561	198
0.41561	199
0.415689	200
0.415998	198
0.415998	199
0.416077	200
0.416385	198
0.416385	199
0.416465	200
0.416773	198
0.416773	199
0.416853	200
0.417161	198
0.417161	199
0.417241	200
0.417549	198
0.417549	199
0.417629	200
0.417936	198
0.417936	199
0.418017	200
0.418324	198
0.418324	199
0.418405	200
0.418712	198
0.418712	199
0.418793	200
0.4191	198
0.4191	199
0.419181	200
0.419487	198
0.419487	199
0.419569	200
0.419875	198
0.419875	199
0.419957	200
0.420263	198
0.420263	199
0.420345	200
0.42065	198
0.42065	199
0.420733	200
0.421038	198
0.421038	199
0.421121	200
0.421426	198
0.421426	199
0.421509	200
0.421814	198
0.421814	199
0.421897	200
0.422201	198
0.422201	199
0.422285	200
0.422589	198
0.422589	199
0.422673	200
0.422977	198
0.422977	199
0.423061	200
0.423365	198
0.423365	199
0.423449	200
0.423752	198
0.423752	199
0.423837	200
0.42414	198
0.42414	199
0.424225	200
0.424528	198
0.424528	199
0.424613	200
0.424915	198
0.424915	199
0.425001	200
0.425303	198
0.425303	199
0.425389	200
0.425691	198
0.425691	199
0.425777	200
0.426079	198
0.426079	199
0.426165	200
0.426466	198
0.426466	199
0.426553	200
0.426854	198
0.426854	199
0.426941	200
0.427242	198
0.427242	199
0.427329	200
0.42763	198
0.42763	199
0.427717	200
0.428017	198
0.428017	199
0.428105	200
0.428405	198
0.428405	199
0.428493	200
0.428793	198
0.428793	199
0.428881	200
0.429181	198
0.429181	199
0.429269	200
0.429568	198
0.429568	199
0.429657	200
0.429956	198
0.429956	199
0.430045	200
0.430344	198
0.430344	199
0.430433	200
0.430731	198
0.430731	199
0.430821	200
0.431119	198
0.431119	199
0.431209	200
0.431507	198
0.431507	199
0.431597	200
0.431895	198
0.431895	199
0.431985	200
0.432282	198
0.432282	199
0.432373	200
0.43267	198
0.43267	199
0.432761	200
0.433058	198
0.433058	199
0.433149	200
0.433446	198
0.433446	199
0.433537	200
0.433833	198
0.433833	199
0.433925	200
0.434221	198
0.434221	199
0.434314	200
0.434609	198
0.434609	199
0.434702	200
0.434997	198
0.434997	199
0.43509	200
0.435384	198
0.435384	199
0.435478	200
0.435772	198
0.435772	199
0.435866	200
0.43616	198
0.43616	199
0.436254	200
0.436547	198
0.436547	199
0.436642	200
0.436935	198
0.436935	199
0.437323	197
0.437323	198
0.437418	199
0.437711	197
0.437711	198
0.438098	196
0.438098	197
0.438486	195
0.438486	196
0.438874	194
0.438874	195
0.439262	193
0.439262	194
0.439359	195
0.439649	193
0.439649	194
0.440037	192
0.440037	193
0.440425	191
0.440425	192
0.440812	190
0.440812	191
0.4412	189
0.4412	190
0.441588	188
0.441588	189
0.441688	190
0.441976	188
0.441976	189
0.442363	187
0.442363	188
0.442751	186
0.442751	187
0.443139	185
0.443139	186
0.443527	184
0.443527	185
0.443914	183
0.443914	184
0.444017	185
0.444302	183
0.444302	184
0.44469	182
0.44469	183
0.445078	181
0.445078	182
0.445465	180
0.445465	181
0.445853	179
0.445853	180
0.446241	178
0.446241	179
0.446628	177
0.446628	178
0.447016	176
0.447016	177
0.447123	178
0.447404	176
0.447404	177
0.447792	175
0.447792	176
0.448179	174
0.448179	175
0.448567	173
0.448567	174
0.448955	172
0.448955	173
0.449343	171
0.449343	172
0.44973	170
0.44973	171
0.450118	169
0.450118	170
0.450506	168
0.450506	169
0.450894	167
0.450894	168
0.451281	166
0.451281	167
0.451669	165
0.451669	166
0.452057	164
0.452057	165
0.452444	163
0.452444	164
0.45256	165
0.452832	163
0.452832	164
0.45322	162
0.45322	163
0.453608	161
0.453608	162
0.453995	160
0.453995	161
0.454383	159
0.454383	160
0.454771	158
0.454771	159
0.455159	157
0.455159	158
0.455546	156
0.455546	157
0.455934	155
0.456322	153
0.45671	151
0.457097	149
0.457485	147
0.457873	145
0.45826	143
0.458648	141
0.459036	139
0.459424	137
0.459811	135
0.460199	133
0.460587	131
0.460975	129
0.461362	127
0.46175	125
0.462138	123
0.462525	121
0.462913	119
0.463301	117
0.463689	115
0.464076	113
0.464464	111
0.464852	109
0.46524	107
0.465627	105
0.466015	103
0.466403	101
0.466791	99
0.467178	97
0.467178	98
0.46737	99
0.467566	97
0.467566	98
0.467954	96
0.467954	97
0.468145	98
0.468336	99
0.468341	97
0.468528	98
0.468729	96
0.468729	97
0.468922	98
0.469117	96
0.469117	97
0.469311	98
0.469505	96
0.469505	97
0.469892	95
0.469892	96
0.470086	97
0.47028	98
0.47028	96
0.470474	97
0.470668	95
0.470668	96
0.470863	97
0.471056	95
0.471059	96
0.471443	94
0.471443	95
0.47164	96
0.471831	94
0.471837	95
0.472033	96
0.472219	94
0.47223	95
0.472427	96
0.472607	94
0.472624	95
0.472822	96
0.472994	94
0.473019	95
0.473216	96
0.473382	94
0.473413	95
0.473611	96
0.47377	94
0.473809	95
0.474157	93
0.474157	94
0.474357	95
0.474545	93
0.474557	94
0.474933	92
0.474933	93
0.475132	94
0.475321	92
0.475332	93
0.475533	94
0.475708	92
0.475733	93
0.475934	94
0.476096	92
0.476136	93
0.476484	91
0.476484	92
0.476685	93
0.476872	91
0.476887	92
0.477087	93
0.477259	91
0.477287	92
0.477487	93
0.477647	91
0.477687	92
0.477885	93
0.478035	91
0.478084	92
0.478282	93
0.478423	91
0.47848	92
0.478677	93
0.47881	91
0.478874	92
0.47907	93
0.479198	91
0.479266	92
0.479456	93
0.479586	91
0.479646	92
0.479835	93
0.479973	91
0.480025	92
0.480213	93
0.480361	91
0.480402	92
0.48059	93
0.480749	91
0.480778	92
0.480959	93
0.481137	91
0.481141	92
0.481323	93
0.481504	94
0.481524	92
0.481685	93
0.481866	94
0.481912	92
0.482046	93
0.482226	94
0.4823	92
0.482406	93
0.48258	94
0.482688	92
0.482754	93
0.482927	94
0.483075	92
0.483101	93
0.483273	94
0.483446	95
0.483463	93
0.483619	94
0.483791	95
0.483851	93
0.483963	94
0.484129	95
0.484238	93
0.484296	94
0.484462	95
0.484626	93
0.484628	94
0.484793	95
0.484958	96
0.485014	94
0.485123	95
0.485283	96
0.485402	94
0.485443	95
0.485602	96
0.485761	97
0.485789	95
0.48592	96
0.486079	97
0.486237	98
0.486396	99
0.486554	100
0.486713	101
0.486872	102
0.48703	103
0.487189	104
0.497403	102
0.497403	103
0.497791	101
0.497791	102
0.49795	103
0.498108	104
0.498373	102
0.498373	103
0.498531	104
0.498761	102
0.498761	103
0.498918	104
0.499148	102
0.499148	103
0.4993	104
0.499452	105
0.499536	103
0.499605	104
0.499756	105
0.500118	103
0.500118	104
0.500269	105
0.500505	103
0.500505	104
0.500651	105
0.500797	106
0.500893	104
0.500943	105
0.501088	106
0.501284	104
0.501284	105
0.501429	106
0.501573	107
0.501866	105
0.501866	106
0.50201	107
0.502259	105
0.502259	106
0.502402	107
0.502652	105
0.502652	106
0.502795	107
0.502938	108
0.503047	106
0.503082	107
0.503224	108
0.503442	106
0.503442	107
0.503584	108
0.503836	106
0.503836	107
0.503974	108
0.504111	109
0.504383	107
0.504383	108
0.504519	109
0.504782	107
0.504782	108
0.504918	109
0.505054	110
0.505358	108
0.505358	109
0.505494	110
0.505758	108
0.505758	109
0.505893	110
0.50616	108
0.50616	109
0.506295	110
0.50643	111
0.506709	109
0.506709	110
0.506844	111
0.507112	109
0.507112	110
0.507246	111
0.507513	109
0.507513	110
0.507646	111
0.50778	112
0.507912	110
0.507914	111
0.508047	112
0.508309	110
0.508309	111
0.508442	112
0.508705	110
0.508705	111
0.508837	112
0.50897	113
0.509099	111
0.509102	112
0.509234	113
0.509491	111
0.509491	112
0.509623	113
0.509879	111
0.509879	112
0.51001	113
0.510141	114
0.510266	112
0.510272	113
0.510403	114
0.510654	112
0.510654	113
0.510785	114
0.510915	115
0.511042	113
0.511045	114
0.511175	115
0.51143	113
0.51143	114
0.511559	115
0.511817	113
0.511817	114
0.511947	115
0.512076	116
0.512205	114
0.512205	115
0.512334	116
0.512593	114
0.512593	115
0.512721	116
0.512981	114
0.512981	115
0.513109	116
0.513237	117
0.513368	115
0.513368	116
0.513496	117
0.513756	115
0.513756	116
0.513883	117
0.514144	115
0.514144	116
0.514271	117
0.514398	118
0.514532	116
0.514532	117
0.514658	118
0.514919	116
0.514919	117
0.515046	118
0.515307	116
0.515307	117
0.515433	118
0.515559	119
0.515695	117
0.515695	118
0.51582	119
0.516082	117
0.516082	118
0.516208	119
0.51647	117
0.51647	118
0.516595	119
0.51672	120
0.516858	118
0.516858	119
0.516982	120
0.517246	118
0.517246	119
0.51737	120
0.517633	118
0.517633	119
0.517757	120
0.517881	121
0.518021	119
0.518021	120
0.518145	121
0.518409	119
0.518409	120
0.518532	121
0.528016	119
0.528016	120
0.528139	121
0.528262	122
0.528404	120
0.528404	121
0.528527	122
0.528792	120
0.528792	121
0.528914	122
0.52918	120
0.52918	121
0.529301	122
0.529423	123
0.529567	121
0.529567	122
0.529689	123
0.529955	121
0.529955	122
0.530076	123
0.530343	121
0.530343	122
0.530464	123
0.530585	124
0.530731	122
0.530731	123
0.530851	124
0.531118	122
0.531118	123
0.531239	124
0.531506	122
0.531506	123
0.531626	124
0.531746	125
0.531894	123
0.531894	124
0.532013	125
0.532281	123
0.532281	124
0.532401	125
0.532669	123
0.532669	124
0.532788	125
0.533057	123
0.533057	124
0.533176	125
0.533294	126
0.533445	124
0.533445	125
0.533563	126
0.533832	124
0.533832	125
0.533951	126
0.53422	124
0.53422	125
0.534338	126
0.534456	127
0.534608	125
0.534608	126
0.534725	127
0.534996	125
0.534996	126
0.535113	127
0.535383	125
0.535383	126
0.5355	127
0.535617	128
0.535771	126
0.535771	127
0.535888	128
0.536159	126
0.536159	127
0.536275	128
0.536546	126
0.536546	127
0.536663	128
0.536779	129
0.536934	127
0.536934	128
0.53705	129
0.537322	127
0.537322	128
0.537438	129
0.53771	127
0.53771	128
0.537825	129
0.53794	130
0.538097	128
0.538097	129
0.538213	130
0.538485	128
0.538485	129
0.5386	130
0.538873	128
0.538873	129
0.538987	130
0.539261	128
0.539261	129
0.539375	130
0.539489	131
0.539648	129
0.539648	130
0.539762	131
0.540036	129
0.540036	130
0.540154	131
0.540424	129
0.540424	130
0.540541	131
0.540658	132
0.540812	130
0.540812	131
0.540929	132
0.541199	130
0.541199	131
0.541316	132
0.541587	130
0.541587	131
0.541703	132
0.54182	133
0.541975	131
0.541975	132
0.542091	133
0.542362	131
0.542362	132
0.542478	133
0.54275	131
0.54275	132
0.542866	133
0.543138	131
0.543138	132
0.543253	133
0.543369	134
0.543526	132
0.543526	133
0.543641	134
0.543913	132
0.543913	133
0.544028	134
0.544301	132
0.544301	133
0.544416	134
0.54453	135
0.544689	133
0.544689	134
0.544803	135
0.545077	133
0.545077	134
0.545191	135
0.545464	133
0.545464	134
0.545578	135
0.545692	136
0.545852	134
0.545852	135
0.545966	136
0.54624	134
0.54624	135
0.546353	136
0.546628	134
0.546628	135
0.546741	136
0.547015	134
0.547015	135
0.547128	136
0.547241	137
0.547403	135
0.547403	136
0.547516	137
0.547791	135
0.547791	136
0.547903	137
0.548178	135
0.548178	136
0.548294	137
0.54841	138
0.548566	136
0.548566	137
0.548682	138
0.548954	136
0.548954	137
0.549069	138
0.549342	136
0.549342	137
0.549457	138
0.549729	136
0.549729	137
0.549844	138
0.549959	139
0.550117	137
0.550117	138
0.550232	139
0.550505	137
0.550505	138
0.550619	139
0.550893	137
0.550893	138
0.551007	139
0.551121	140
0.558242	138
0.558242	139
0.558629	137
0.558629	138
0.558744	139
0.558858	140
0.559017	138
0.559017	139
0.559131	140
0.559405	138
0.559405	139
0.559519	140
0.559793	138
0.559793	139
0.559906	140
0.56018	138
0.56018	139
0.56029	140
0.5604	141
0.560568	139
0.560568	140
0.560677	141
0.560956	139
0.560956	140
0.561065	141
0.561173	142
0.561343	140
0.561343	141
0.561452	142
0.561731	140
0.561731	141
0.561839	142
0.561947	143
0.562119	141
0.562119	142
0.562227	143
0.562334	144
0.562507	142
0.562507	143
0.562614	144
0.562894	142
0.562894	143
0.563001	144
0.563108	145
0.563282	143
0.563282	144
0.563388	145
0.56367	143
0.56367	144
0.563776	145
0.563882	146
0.564058	144
0.564058	145
0.564163	146
0.564445	144
0.564445	145
0.56455	146
0.564656	147
0.564833	145
0.564833	146
0.564938	147
0.565221	145
0.565221	146
0.565325	147
0.56543	148
0.565608	146
0.565608	147
0.565713	148
0.565996	146
0.565996	147
0.5661	148
0.566204	149
0.566384	147
0.566384	148
0.566487	149
0.566591	150
0.566772	148
0.566772	149
0.566875	150
0.567159	148
0.567159	149
0.567262	150
0.567365	151
0.567547	149
0.567547	150
0.567649	151
0.567935	149
0.567935	150
0.568037	151
0.568139	152
0.568323	150
0.568323	151
0.568424	152
0.56871	150
0.56871	151
0.568812	152
0.568913	153
0.569098	151
0.569098	152
0.569199	153
0.569486	151
0.569486	152
0.569586	153
0.569687	154
0.569874	152
0.569874	153
0.569974	154
0.570261	152
0.570261	153
0.570361	154
0.570461	155
0.570649	153
0.570649	154
0.570748	155
0.571037	153
0.571037	154
0.571136	155
0.571235	156
0.571424	154
0.571424	155
0.571523	156
0.571812	154
0.571812	155
0.571911	156
0.572009	157
0.5722	155
0.5722	156
0.572301	157
0.572588	155
0.572588	156
0.572689	157
0.57279	158
0.572975	156
0.572975	157
0.573076	158
0.573363	156
0.573363	157
0.573464	158
0.573564	159
0.573751	157
0.573751	158
0.573851	159
0.574139	157
0.574139	158
0.574238	159
0.574338	160
0.574526	158
0.574526	159
0.574626	160
0.574914	158
0.574914	159
0.575013	160
0.575112	161
0.575302	159
0.575302	160
0.575401	161
0.57569	159
0.57569	160
0.575788	161
0.575887	162
0.576077	160
0.576077	161
0.576176	162
0.576465	160
0.576465	161
0.576563	162
0.576661	163
0.576853	161
0.576853	162
0.57695	163
0.57724	161
0.57724	162
0.577338	163
0.577435	164
0.577628	162
0.577628	163
0.577725	164
0.578016	162
0.578016	163
0.578113	164
0.57821	165
0.578404	163
0.578404	164
0.5785	165
0.578791	163
0.578791	164
0.578888	165
0.578984	166
0.579179	164
0.579179	165
0.579279	166
0.579567	164
0.579567	165
0.579666	166
0.579955	164
0.579955	165
0.580054	166
0.580342	164
0.580342	165
0.580441	166
0.58073	164
0.58073	165
0.580829	166
0.581118	164
0.581118	165
0.581217	166
0.581506	164
0.581506	165
0.581605	166
0.581893	164
0.581893	165
0.581992	166
0.582281	164
0.582281	165
0.58238	166
0.582669	164
0.582669	165
0.582768	166
0.583056	164
0.583056	165
0.583156	166
0.583444	164
0.583444	165
0.583543	166
0.583832	164
0.583832	165
0.583931	166
0.58422	164
0.58422	165
0.584319	166
0.584607	164
0.584607	165
0.584707	166
0.584995	164
0.584995	165
0.585094	166
0.588855	164
0.588855	165
0.588954	166
0.589242	164
0.589242	165
0.589338	166
0.58963	164
0.58963	165
0.589726	166
0.590018	164
0.590018	165
0.590113	166
0.590209	167
0.590405	165
0.590405	166
0.590501	167
0.590793	165
0.590793	166
0.590886	167
0.591181	165
0.591181	166
0.591273	167
0.591569	165
0.591569	166
0.591661	167
0.591753	168
0.591956	166
0.591956	167
0.592048	168
0.592344	166
0.592344	167
0.592436	168
0.592732	166
0.592732	167
0.592824	168
0.59312	166
0.59312	167
0.593211	168
0.593303	169
0.593507	167
0.593507	168
0.593599	169
0.593895	167
0.593895	168
0.593986	169
0.594283	167
0.594283	168
0.594374	169
0.59467	167
0.59467	168
0.594762	169
0.594853	170
0.595058	168
0.595058	169
0.595149	170
0.595446	168
0.595446	169
0.595537	170
0.595834	168
0.595834	169
0.595924	170
0.596221	168
0.596221	169
0.596312	170
0.596609	168
0.596609	169
0.5967	170
0.59679	171
0.596997	169
0.596997	170
0.597087	171
0.597385	169
0.597385	170
0.597475	171
0.597772	169
0.597772	170
0.597863	171
0.59816	169
0.59816	170
0.59825	171
0.59834	172
0.598548	170
0.598548	171
0.598638	172
0.598936	170
0.598936	171
0.599025	172
0.599323	170
0.599323	171
0.599416	172
0.599711	170
0.599711	171
0.599803	172
0.599896	173
0.600099	171
0.600099	172
0.600191	173
0.600486	171
0.600486	172
0.600579	173
0.600874	171
0.600874	172
0.600966	173
0.601262	171
0.601262	172
0.601354	173
0.60165	171
0.60165	172
0.601742	173
0.601833	174
0.602037	172
0.602037	173
0.602425	171
0.602425	172
0.602517	173
0.602609	174
0.602813	172
0.602813	173
0.602905	174
0.603201	172
0.603201	173
0.603292	174
0.603588	172
0.603588	173
0.60368	174
0.603976	172
0.603976	173
0.604068	174
0.604364	172
0.604364	173
0.604458	174
0.604752	172
0.604752	173
0.604846	174
0.605139	172
0.605139	173
0.605234	174
0.605527	172
0.605527	173
0.605622	174
0.605915	172
0.605915	173
0.606009	174
0.606302	172
0.606302	173
0.606397	174
0.60669	172
0.60669	173
0.607078	171
0.607078	172
0.607173	173
0.607466	171
0.607466	172
0.607561	173
0.607853	171
0.607853	172
0.607949	173
0.608241	171
0.608241	172
0.608336	173
0.608629	171
0.608629	172
0.609017	170
0.609017	171
0.609115	172
0.609404	170
0.609404	171
0.609503	172
0.609792	170
0.609792	171
0.609891	172
0.61018	170
0.61018	171
0.610568	169
0.610568	170
0.610667	171
0.610955	169
0.610955	170
0.611054	171
0.611343	169
0.611343	170
0.611442	171
0.611731	169
0.611731	170
0.612118	168
0.612118	169
0.612218	170
0.612506	168
0.612506	169
0.612606	170
0.612894	168
0.612894	169
0.612994	170
0.613282	168
0.613282	169
0.613382	170
0.613669	168
0.613669	169
0.614057	167
0.614057	168
0.614157	169
0.614445	167
0.614445	168
0.614548	169
0.614833	167
0.614833	168
0.614936	169
0.61522	167
0.61522	168
0.615608	166
0.615608	167
0.615712	168
0.615996	166
0.615996	167
0.6161	168
0.616383	166
0.616383	167
0.616488	168
0.616771	166
0.616771	167
0.617159	165
0.617159	166
0.617263	167
0.617547	165
0.617547	166
0.617651	167
0.617934	165
0.617934	166
0.618039	167
0.618322	165
0.618322	166
0.61871	164
0.61871	165
0.618815	166
0.619098	164
0.619098	165
0.619203	166
0.619485	164
0.619485	165
0.619591	166
0.619873	164
0.619873	165
0.619978	166
0.620261	164
0.620261	165
0.620649	163
0.620649	164
0.620754	165
0.621036	163
0.621036	164
0.621142	165
0.621424	163
0.621424	164
0.621526	165
0.621629	166
0.621812	164
0.621812	165
0.621914	166
0.622199	164
0.622199	165
0.622302	166
0.622587	164
0.622587	165
0.622686	166
0.622975	164
0.622975	165
0.623074	166
0.623363	164
0.623363	165
0.623461	166
0.62356	167
0.62375	165
0.62375	166
0.623849	167
0.624138	165
0.624138	166
0.624237	167
0.624526	165
0.624526	166
0.624624	167
0.624914	165
0.624914	166
0.625012	167
0.62511	168
0.625301	166
0.625301	167
0.625399	168
0.625689	166
0.625689	167
0.625784	168
0.626077	166
0.626077	167
0.626172	168
0.626465	166
0.626465	167
0.626559	168
0.626654	169
0.626852	167
0.626852	168
0.626947	169
0.62724	167
0.62724	168
0.627334	169
0.627628	167
0.627628	168
0.627722	169
0.628015	167
0.628015	168
0.62811	169
0.628204	170
0.628403	168
0.628403	169
0.628497	170
0.628791	168
0.628791	169
0.628885	170
0.629179	168
0.629179	169
0.629272	170
0.629566	168
0.629566	169
0.62966	170
0.629954	168
0.629954	169
0.630048	170
0.630141	171
0.630342	169
0.630342	170
0.630435	171
0.63073	169
0.63073	170
0.630823	171
0.631117	169
0.631117	170
0.631214	171
0.631505	169
0.631505	170
0.631601	171
0.631893	169
0.631893	170
0.631989	171
0.63228	169
0.63228	170
0.632377	171
0.632668	169
0.632668	170
0.632764	171
0.633056	169
0.633056	170
0.633152	171
0.633444	169
0.633444	170
0.63354	171
0.633831	169
0.633831	170
0.633928	171
0.634219	169
0.634219	170
0.634315	171
0.634607	169
0.634607	170
0.634703	171
0.634995	169
0.634995	170
0.635091	171
0.635382	169
0.635382	170
0.635479	171
0.63577	169
0.63577	170
0.635866	171
0.636158	169
0.636158	170
0.636254	171
0.636546	169
0.636546	170
0.636642	171
0.636933	169
0.636933	170
0.637029	171
0.637321	169
0.637321	170
0.637417	171
0.637709	169
0.637709	170
0.637805	171
0.638096	169
0.638096	170
0.638193	171
0.638484	169
0.638484	170
0.638581	171
0.638872	169
0.638872	170
0.638968	171
0.63926	169
0.63926	170
0.639356	171
0.639647	169
0.639647	170
0.639744	171
0.640035	169
0.640035	170
0.640131	171
0.640423	169
0.640423	170
0.640519	171
0.640811	169
0.640811	170
0.640907	171
0.641198	169
0.641198	170
0.641295	171
0.641586	169
0.641586	170
0.641682	171
0.641974	169
0.641974	170
0.64207	171
0.642362	169
0.642362	170
0.642458	171
0.642749	169
0.642749	170
0.642845	171
0.643137	169
0.643137	170
0.643233	171
0.643329	172
0.643525	170
0.643525	171
0.64362	172
0.643912	170
0.643912	171
0.644008	172
0.6443	170
0.6443	171
0.644396	172
0.644688	170
0.644688	171
0.644783	172
0.644879	173
0.645076	171
0.645076	172
0.645171	173
0.645463	171
0.645463	172
0.645558	173
0.645851	171
0.645851	172
0.645946	173
0.646239	171
0.646239	172
0.646334	173
0.646428	174
0.646627	172
0.646627	173
0.646721	174
0.647014	172
0.647014	173
0.647109	174
0.647402	172
0.647402	173
0.647496	174
0.64779	172
0.64779	173
0.647884	174
0.648178	172
0.648178	173
0.648272	174
0.648366	175
0.648565	173
0.648565	174
0.648659	175
0.648953	173
0.648953	174
0.649044	175
0.649341	173
0.649341	174
0.649432	175
0.649728	173
0.649728	174
0.649819	175
0.64991	176
0.650116	174
0.650116	175
0.650207	176
0.650504	174
0.650504	175
0.650595	176
0.650892	174
0.650892	175
0.650982	176
0.651279	174
0.651279	175
0.65137	176
0.651667	174
0.651667	175
0.651757	176
0.651848	177
0.652055	175
0.652055	176
0.652145	177
0.652443	175
0.652443	176
0.652533	177
0.65283	175
0.65283	176
0.65292	177
0.653218	175
0.653218	176
0.653308	177
0.653398	178
0.653606	176
0.653606	177
0.653695	178
0.653993	176
0.653993	177
0.654083	178
0.654381	176
0.654381	177
0.654471	178
0.654769	176
0.654769	177
0.654858	178
0.655157	176
0.655157	177
0.655246	178
0.655335	179
0.655544	177
0.655544	178
0.655634	179
0.655932	177
0.655932	178
0.656021	179
0.65632	177
0.65632	178
0.656409	179
0.656708	177
0.656708	178
0.656796	179
0.656885	180
0.657095	178
0.657095	179
0.657184	180
0.657483	178
0.657483	179
0.657572	180
0.657871	178
0.657871	179
0.657959	180
0.658259	178
0.658259	179
0.658347	180
0.658646	178
0.658646	179
0.658735	180
0.658823	181
0.659034	179
0.659034	180
0.659122	181
0.659422	179
0.659422	180
0.65951	181
0.659809	179
0.659809	180
0.659897	181
0.660197	179
0.660197	180
0.660285	181
0.660373	182
0.660585	180
0.660585	181
0.660673	182
0.660973	180
0.660973	181
0.66106	182
0.66136	180
0.66136	181
0.661448	182
0.661748	180
0.661748	181
0.661836	182
0.662136	180
0.662136	181
0.662223	182
0.662311	183
0.662524	181
0.662524	182
0.662611	183
0.662911	181
0.662911	182
0.662998	183
0.663299	181
0.663299	182
0.663386	183
0.663687	181
0.663687	182
0.663774	183
0.663861	184
0.664075	182
0.664075	183
0.664462	181
0.664462	182
0.664549	183
0.664636	184
0.66485	182
0.66485	183
0.664937	184
0.665238	182
0.665238	183
0.665327	184
0.665625	182
0.665625	183
0.665715	184
0.666013	182
0.666013	183
0.666103	184
0.666401	182
0.666401	183
0.66649	184
0.666789	182
0.666789	183
0.666878	184
0.667176	182
0.667176	183
0.667266	184
0.667564	182
0.667564	183
0.667654	184
0.667952	182
0.667952	183
0.668041	184
0.66834	182
0.66834	183
0.668429	184
0.668727	182
0.668727	183
0.668816	184
0.668906	185
0.669115	183
0.669115	184
0.669503	182
0.669503	183
0.669592	184
0.669681	185
0.669891	183
0.669891	184
0.66998	185
0.670278	183
0.670278	184
0.670367	185
0.670666	183
0.670666	184
0.670755	185
0.671054	183
0.671054	184
0.671143	185
0.671441	183
0.671441	184
0.67153	185
0.671829	183
0.671829	184
0.671918	185
0.672007	186
0.672217	184
0.672217	185
0.672605	183
0.672605	184
0.672693	185
0.672782	186
0.672992	184
0.672992	185
0.673081	186
0.67338	184
0.67338	185
0.673469	186
0.673768	184
0.673768	185
0.673856	186
0.674156	184
0.674156	185
0.674244	186
0.674543	184
0.674543	185
0.674632	186
0.674931	184
0.674931	185
0.675019	186
0.675319	184
0.675319	185
0.675407	186
0.675495	187
0.675706	185
0.675706	186
0.675795	187
0.676094	185
0.676094	186
0.676182	187
0.676482	185
0.676482	186
0.67657	187
0.67687	185
0.67687	186
0.676958	187
0.677257	185
0.677257	186
0.677346	187
0.677645	185
0.677645	186
0.677733	187
0.678033	185
0.678033	186
0.678121	187
0.678421	185
0.678421	186
0.678509	187
0.678808	185
0.678808	186
0.678896	187
0.679196	185
0.679196	186
0.679284	187
0.679584	185
0.679584	186
0.679972	184
0.679972	185
0.68006	186
0.680148	187
0.680359	185
0.680359	186
0.680747	184
0.680747	185
0.680835	186
0.680923	187
0.681135	185
0.681135	186
0.681522	184
0.681522	185
0.681611	186
0.68191	184
0.68191	185
0.681998	186
0.682298	184
0.682298	185
0.682386	186
0.682686	184
0.682686	185
0.682774	186
0.683073	184
0.683073	185
0.683162	186
0.683461	184
0.683461	185
0.68355	186
0.683849	184
0.683849	185
0.684237	183
0.684237	184
0.684325	185
0.684624	183
0.684624	184
0.684713	185
0.685012	183
0.685012	184
0.685101	185
0.6854	183
0.6854	184
0.685788	182
0.685788	183
0.685877	184
0.686175	182
0.686175	183
0.686267	184
0.686563	182
0.686563	183
0.686655	184
0.686951	182
0.686951	183
0.687043	184
0.687338	182
0.687338	183
0.687726	181
0.687726	182
0.687819	183
0.688114	181
0.688114	182
0.688207	183
0.688502	181
0.688502	182
0.688594	183
0.688889	181
0.688889	182
0.689277	180
0.689277	181
0.68937	182
0.689665	180
0.689665	181
0.689758	182
0.690053	180
0.690053	181
0.690146	182
0.69044	180
0.69044	181
0.690534	182
0.690828	180
0.690828	181
0.691216	179
0.691216	180
0.691309	181
0.691603	179
0.691603	180
0.691697	181
0.691991	179
0.691991	180
0.692085	181
0.692379	179
0.692379	180
0.692473	181
0.692767	179
0.692767	180
0.693154	178
0.693154	179
0.693249	180
0.693542	178
0.693542	179
0.693636	180
0.69393	178
0.69393	179
0.694024	180
0.694318	178
0.694318	179
0.694705	177
0.694705	178
0.6948	179
0.695093	177
0.695093	178
0.695188	179
0.695481	177
0.695481	178
0.695576	179
0.695869	177
0.695869	178
0.695964	179
0.696256	177
0.696256	178
0.696644	176
0.696644	177
0.696742	178
0.697032	176
0.697032	177
0.69713	178
0.697419	176
0.697419	177
0.697518	178
0.697807	176
0.697807	177
0.698195	175
0.698195	176
0.698293	177
0.698583	175
0.698583	176
0.698681	177
0.69897	175
0.69897	176
0.699069	177
0.699358	175
0.699358	176
0.699746	174
0.699746	175
0.699845	176
0.700134	174
0.700134	175
0.700233	176
0.700521	174
0.700521	175
0.700621	176
0.700909	174
0.700909	175
0.701008	176
0.701297	174
0.701297	175
0.701685	173
0.701685	174
0.701784	175
0.702072	173
0.702072	174
0.702172	175
0.70246	173
0.70246	174
0.70256	175
0.702848	173
0.702848	174
0.703235	172
0.703235	173
0.703336	174
0.703623	172
0.703623	173
0.703723	174
0.704011	172
0.704011	173
0.704111	174
0.704399	172
0.704399	173
0.704499	174
0.704786	172
0.704786	173
0.705174	171
0.705174	172
0.705275	173
0.705562	171
0.705562	172
0.705663	173
0.70595	171
0.70595	172
0.706051	173
0.706337	171
0.706337	172
0.706725	170
0.706725	171
0.706826	172
0.707113	170
0.707113	171
0.707214	172
0.707501	170
0.707501	171
0.707602	172
0.707888	170
0.707888	171
0.708276	169
0.708276	170
0.708378	171
0.708664	169
0.708664	170
0.708766	171
0.709051	169
0.709051	170
0.709157	171
0.709439	169
0.709439	170
0.709544	171
0.709827	169
0.709827	170
0.710215	168
0.710215	169
0.71032	170
0.710602	168
0.710602	169
0.710708	170
0.71099	168
0.71099	169
0.711096	170
0.711378	168
0.711378	169
0.711766	167
0.711766	168
0.711872	169
0.712153	167
0.712153	168
0.71226	169
0.712541	167
0.712541	168
0.712647	169
0.712929	167
0.712929	168
0.713316	166
0.713316	167
0.713423	168
0.713704	166
0.713704	167
0.713811	168
0.714092	166
0.714092	167
0.714199	168
0.71448	166
0.71448	167
0.714867	165
0.714867	166
0.714975	167
0.715255	165
0.715255	166
0.715363	167
0.715643	165
0.715643	166
0.71575	167
0.716031	165
0.716031	166
0.716138	167
0.716418	165
0.716418	166
0.716806	164
0.716806	165
0.716914	166
0.717194	164
0.717194	165
0.717302	166
0.717582	164
0.717582	165
0.71769	166
0.717969	164
0.717969	165
0.718357	163
0.718357	164
0.718466	165
0.718745	163
0.718745	164
0.718854	165
0.719132	163
0.719132	164
0.719241	165
0.71952	163
0.71952	164
0.719908	162
0.719908	163
0.720017	164
0.720296	162
0.720296	163
0.720405	164
0.720683	162
0.720683	163
0.720793	164
0.721071	162
0.721071	163
0.721459	161
0.721459	162
0.721569	163
0.721847	161
0.721847	162
0.721954	163
0.722234	161
0.722234	162
0.722342	163
0.722622	161
0.722622	162
0.72301	160
0.72301	161
0.723117	162
0.723398	160
0.723398	161
0.723505	162
0.723785	160
0.723785	161
0.723893	162
0.724173	160
0.724173	161
0.724561	159
0.724561	160
0.724669	161
0.724948	159
0.724948	160
0.725057	161
0.725336	159
0.725336	160
0.725445	161
0.725724	159
0.725724	160
0.726112	158
0.726112	159
0.726221	160
0.726499	158
0.726499	159
0.726608	160
0.726887	158
0.726887	159
0.726996	160
0.727275	158
0.727275	159
0.727663	157
0.727663	158
0.727772	159
0.72805	157
0.72805	158
0.72816	159
0.728438	157
0.728438	158
0.728548	159
0.728826	157
0.728826	158
0.729213	156
0.729213	157
0.729324	158
0.729601	156
0.729601	157
0.729712	158
0.729989	156
0.729989	157
0.730099	158
0.730377	156
0.730377	157
0.730487	158
0.730764	156
0.730764	157
0.730875	158
0.731152	156
0.731152	157
0.73154	155
0.73154	156
0.731647	157
0.731755	158
0.731928	156
0.731928	157
0.732035	158
0.732315	156
0.732315	157
0.732423	158
0.732703	156
0.732703	157
0.73281	158
0.733091	156
0.733091	157
0.733198	158
0.733479	156
0.733479	157
0.733586	158
0.733866	156
0.733866	157
0.733973	158
0.734254	156
0.734254	157
0.734361	158
0.734642	156
0.734642	157
0.734749	158
0.734855	159
0.735029	157
0.735029	158
0.735417	156
0.735417	157
0.735524	158
0.735631	159
0.735805	157
0.735805	158
0.735912	159
0.736193	157
0.736193	158
0.736299	159
0.73658	157
0.73658	158
0.736687	159
0.736968	157
0.736968	158
0.737074	159
0.73718	160
0.737356	158
0.737356	159
0.737462	160
0.737744	158
0.737744	159
0.737846	160
0.738131	158
0.738131	159
0.738234	160
0.738519	158
0.738519	159
0.738621	160
0.738724	161
0.738907	159
0.738907	160
0.739009	161
0.739295	159
0.739295	160
0.739397	161
0.739682	159
0.739682	160
0.739784	161
0.74007	159
0.74007	160
0.740172	161
0.740273	162
0.740458	160
0.740458	161
0.740559	162
0.740845	160
0.740845	161
0.740947	162
0.741233	160
0.741233	161
0.741334	162
0.741621	160
0.741621	161
0.741722	162
0.741823	163
0.742009	161
0.742009	162
0.74211	163
0.742396	161
0.742396	162
0.742497	163
0.742784	161
0.742784	162
0.742885	163
0.743172	161
0.743172	162
0.743272	163
0.743373	164
0.74356	162
0.74356	163
0.74366	164
0.743947	162
0.743947	163
0.744048	164
0.744335	162
0.744335	163
0.744435	164
0.744723	162
0.744723	163
0.744823	164
0.744923	165
0.745111	163
0.745111	164
0.74521	165
0.745498	163
0.745498	164
0.745598	165
0.745886	163
0.745886	164
0.745985	165
0.746274	163
0.746274	164
0.746373	165
0.746472	166
0.746661	164
0.746661	165
0.746758	166
0.747049	164
0.747049	165
0.747145	166
0.747437	164
0.747437	165
0.747533	166
0.747825	164
0.747825	165
0.74792	166
0.748016	167
0.748212	165
0.748212	166
0.748308	167
0.7486	165
0.7486	166
0.748696	167
0.748988	165
0.748988	166
0.749083	167
0.749376	165
0.749376	166
0.749471	167
0.749763	165
0.749763	166
0.749858	167
0.749954	168
0.750151	166
0.750151	167
0.750246	168
0.750539	166
0.750539	167
0.750634	168
0.750926	166
0.750926	167
0.751021	168
0.751314	166
0.751314	167
0.751409	168
0.751503	169
0.751702	167
0.751702	168
0.751796	169
0.75209	167
0.75209	168
0.752184	169
0.752477	167
0.752477	168
0.752572	169
0.752865	167
0.752865	168
0.752959	169
0.753053	170
0.753253	168
0.753253	169
0.753347	170
0.753641	168
0.753641	169
0.753734	170
0.754028	168
0.754028	169
0.754122	170
0.754416	168
0.754416	169
0.754507	170
0.754597	171
0.754804	169
0.754804	170
0.754894	171
0.755192	169
0.755192	170
0.755282	171
0.755579	169
0.755579	170
0.75567	171
0.755967	169
0.755967	170
0.756057	171
0.756355	169
0.756355	170
0.756445	171
0.756535	172
0.756742	170
0.756742	171
0.756832	172
0.75713	170
0.75713	171
0.75722	172
0.757518	170
0.757518	171
0.757608	172
0.757906	170
0.757906	171
0.757995	172
0.758085	173
0.758293	171
0.758293	172
0.758383	173
0.758681	171
0.758681	172
0.75877	173
0.759069	171
0.759069	172
0.759158	173
0.759457	171
0.759457	172
0.759546	173
0.759635	174
0.759844	172
0.759844	173
0.759933	174
0.760232	172
0.760232	173
0.760321	174
0.76062	172
0.76062	173
0.760708	174
0.761008	172
0.761008	173
0.761096	174
0.761395	172
0.761395	173
0.761484	174
0.761572	175
0.761783	173
0.761783	174
0.761868	175
0.762171	173
0.762171	174
0.762256	175
0.762558	173
0.762558	174
0.762644	175
0.762946	173
0.762946	174
0.763031	175
0.763117	176
0.763334	174
0.763334	175
0.763419	176
0.763722	174
0.763722	175
0.763807	176
0.764109	174
0.764109	175
0.764194	176
0.764497	174
0.764497	175
0.764582	176
0.764667	177
0.764885	175
0.764885	176
0.764969	177
0.765273	175
0.765273	176
0.765357	177
0.76566	175
0.76566	176
0.765745	177
0.766048	175
0.766048	176
0.766132	177
0.766436	175
0.766436	176
0.76652	177
0.766604	178
0.766824	176
0.766824	177
0.766908	178
0.767211	176
0.767211	177
0.767295	178
0.767599	176
0.767599	177
0.767683	178
0.767987	176
0.767987	177
0.76807	178
0.768154	179
0.768374	177
0.768374	178
0.768458	179
0.768762	177
0.768762	178
0.768846	179
0.76915	177
0.76915	178
0.769233	179
0.769538	177
0.769538	178
0.769621	179
0.769925	177
0.769925	178
0.770009	179
0.770092	180
0.770313	178
0.770313	179
0.770396	180
0.770701	178
0.770701	179
0.770784	180
0.771089	178
0.771089	179
0.771174	180
0.771476	178
0.771476	179
0.771562	180
0.771648	181
0.771864	179
0.771864	180
0.77195	181
0.772252	179
0.772252	180
0.772337	181
0.772639	179
0.772639	180
0.772725	181
0.773027	179
0.773027	180
0.773112	181
0.773415	179
0.773415	180
0.7735	181
0.773585	182
0.773803	180
0.773803	181
0.773888	182
0.77419	180
0.77419	181
0.774275	182
0.774578	180
0.774578	181
0.774663	182
0.774966	180
0.774966	181
0.775051	182
0.775135	183
0.775354	181
0.775354	182
0.775438	183
0.775741	181
0.775741	182
0.775826	183
0.776129	181
0.776129	182
0.776213	183
0.776517	181
0.776517	182
0.776601	183
0.776905	181
0.776905	182
0.776989	183
0.777073	184
0.777292	182
0.777292	183
0.777376	184
0.77768	182
0.77768	183
0.777764	184
0.778068	182
0.778068	183
0.778152	184
0.778455	182
0.778455	183
0.778539	184
0.778843	182
0.778843	183
0.778927	184
0.779011	185
0.779231	183
0.779231	184
0.779315	185
0.779619	183
0.779619	184
0.779702	185
0.780006	183
0.780006	184
0.780092	185
0.780394	183
0.780394	184
0.78048	185
0.780566	186
0.780782	184
0.780782	185
0.780868	186
0.78117	184
0.78117	185
0.781255	186
0.781557	184
0.781557	185
0.781643	186
0.781945	184
0.781945	185
0.782031	186
0.782333	184
0.782333	185
0.782418	186
0.782504	187
0.782721	185
0.782721	186
0.782806	187
0.783108	185
0.783108	186
0.783194	187
0.783496	185
0.783496	186
0.783581	187
0.783884	185
0.783884	186
0.783969	187
0.784271	185
0.784271	186
0.784356	187
0.784441	188
0.784659	186
0.784659	187
0.784744	188
0.785047	186
0.785047	187
0.785132	188
0.785435	186
0.785435	187
0.785519	188
0.785822	186
0.785822	187
0.785907	188
0.785992	189
0.78621	187
0.78621	188
0.786295	189
0.786598	187
0.786598	188
0.786682	189
0.786986	187
0.786986	188
0.78707	189
0.787373	187
0.787373	188
0.787458	189
0.787761	187
0.787761	188
0.787845	189
0.787929	190
0.788149	188
0.788149	189
0.788536	187
0.788536	188
0.788621	189
0.788705	190
0.788924	188
0.788924	189
0.789008	190
0.789312	188
0.789312	189
0.789396	190
0.7897	188
0.7897	189
0.789784	190
0.790087	188
0.790087	189
0.790174	190
0.790475	188
0.790475	189
0.790562	190
0.790863	188
0.790863	189
0.790949	190
0.791251	188
0.791251	189
0.791337	190
0.791638	188
0.791638	189
0.791725	190
0.792026	188
0.792026	189
0.792113	190
0.792414	188
0.792414	189
0.7925	190
0.792802	188
0.792802	189
0.792888	190
0.793189	188
0.793189	189
0.793276	190
0.793577	188
0.793577	189
0.793664	190
0.793965	188
0.793965	189
0.794051	190
0.794352	188
0.794352	189
0.794439	190
0.79474	188
0.79474	189
0.794827	190
0.795128	188
0.795128	189
0.795215	190
0.795516	188
0.795516	189
0.795602	190
0.795903	188
0.795903	189
0.796291	187
0.796291	188
0.796378	189
0.796679	187
0.796679	188
0.796766	189
0.797067	187
0.797067	188
0.797154	189
0.797454	187
0.797454	188
0.797542	189
0.797842	187
0.797842	188
0.79823	186
0.79823	187
0.798317	188
0.798618	186
0.798618	187
0.798705	188
0.799005	186
0.799005	187
0.799093	188
0.799393	186
0.799393	187
0.799781	185
0.799781	186
0.799871	187
0.800168	185
0.800168	186
0.800259	187
0.800556	185
0.800556	186
0.800647	187
0.800944	185
0.800944	186
0.801035	187
0.801332	185
0.801332	186
0.801719	184
0.801719	185
0.80181	186
0.802107	184
0.802107	185
0.802198	186
0.802495	184
0.802495	185
0.802586	186
0.802883	184
0.802883	185
0.802974	186
0.80327	184
0.80327	185
0.803658	183
0.803658	184
0.80375	185
0.804046	183
0.804046	184
0.804137	185
0.804434	183
0.804434	184
0.804525	185
0.804821	183
0.804821	184
0.805209	182
0.805209	183
0.805301	184
0.805597	182
0.805597	183
0.805689	184
0.805984	182
0.805984	183
0.806077	184
0.806372	182
0.806372	183
0.806464	184
0.80676	182
0.80676	183
0.807148	181
0.807148	182
0.80724	183
0.807535	181
0.807535	182
0.807628	183
0.807923	181
0.807923	182
0.808016	183
0.808311	181
0.808311	182
0.808404	183
0.808699	181
0.808699	182
0.809086	180
0.809086	181
0.809182	182
0.809474	180
0.809474	181
0.80957	182
0.809862	180
0.809862	181
0.809958	182
0.810249	180
0.810249	181
0.810637	179
0.810637	180
0.810734	181
0.811025	179
0.811025	180
0.811121	181
0.811413	179
0.811413	180
0.811509	181
0.8118	179
0.8118	180
0.811897	181
0.812188	179
0.812188	180
0.812576	178
0.812576	179
0.812673	180
0.812964	178
0.812964	179
0.813061	180
0.813351	178
0.813351	179
0.813448	180
0.813739	178
0.813739	179
0.814127	177
0.814127	178
0.814224	179
0.814515	177
0.814515	178
0.814612	179
0.814902	177
0.814902	178
0.815	179
0.81529	177
0.81529	178
0.815388	179
0.815678	177
0.815678	178
0.816065	176
0.816065	177
0.816163	178
0.816453	176
0.816453	177
0.816551	178
0.816841	176
0.816841	177
0.816939	178
0.817229	176
0.817229	177
0.817616	175
0.817616	176
0.817715	177
0.818004	175
0.818004	176
0.818103	177
0.818392	175
0.818392	176
0.818491	177
0.81878	175
0.81878	176
0.818878	177
0.819167	175
0.819167	176
0.819555	174
0.819555	175
0.819657	176
0.819943	174
0.819943	175
0.820045	176
0.820331	174
0.820331	175
0.820433	176
0.820718	174
0.820718	175
0.821106	173
0.821106	174
0.821208	175
0.821494	173
0.821494	174
0.821596	175
0.821881	173
0.821881	174
0.821984	175
0.822269	173
0.822269	174
0.822372	175
0.822657	173
0.822657	174
0.823045	172
0.823045	173
0.823148	174
0.823432	172
0.823432	173
0.823536	174
0.82382	172
0.82382	173
0.823924	174
0.824208	172
0.824208	173
0.824596	171
0.824596	172
0.824699	173
0.824983	171
0.824983	172
0.825087	173
0.825371	171
0.825371	172
0.825475	173
0.825759	171
0.825759	172
0.826146	170
0.826146	171
0.826251	172
0.826534	170
0.826534	171
0.826639	172
0.826922	170
0.826922	171
0.827026	172
0.82731	170
0.82731	171
0.827414	172
0.827697	170
0.827697	171
0.828085	169
0.828085	170
0.82819	171
0.828473	169
0.828473	170
0.828578	171
0.828861	169
0.828861	170
0.828966	171
0.829248	169
0.829248	170
0.829636	168
0.829636	169
0.829742	170
0.830024	168
0.830024	169
0.830129	170
0.830412	168
0.830412	169
0.830517	170
0.830799	168
0.830799	169
0.831187	167
0.831187	168
0.831293	169
0.831575	167
0.831575	168
0.831681	169
0.831962	167
0.831962	168
0.832069	169
0.83235	167
0.83235	168
0.832738	166
0.832738	167
0.832845	168
0.833126	166
0.833126	167
0.833233	168
0.833513	166
0.833513	167
0.83362	168
0.833901	166
0.833901	167
0.834008	168
0.834289	166
0.834289	167
0.834677	165
0.834677	166
0.834784	167
0.835064	165
0.835064	166
0.835172	167
0.835452	165
0.835452	166
0.83556	167
0.83584	165
0.83584	166
0.836228	164
0.836228	165
0.836336	166
0.836615	164
0.836615	165
0.836723	166
0.837003	164
0.837003	165
0.837111	166
0.837391	164
0.837391	165
0.837778	163
0.837778	164
0.837887	165
0.838166	163
0.838166	164
0.838275	165
0.838554	163
0.838554	164
0.838663	165
0.838942	163
0.838942	164
0.839329	162
0.839329	163
0.839439	164
0.839717	162
0.839717	163
0.839827	164
0.840105	162
0.840105	163
0.840214	164
0.840493	162
0.840493	163
0.84088	161
0.84088	162
0.84099	163
0.841268	161
0.841268	162
0.841378	163
0.841656	161
0.841656	162
0.841766	163
0.842044	161
0.842044	162
0.842431	160
0.842431	161
0.842542	162
0.842819	160
0.842819	161
0.842927	162
0.843207	160
0.843207	161
0.843315	162
0.843594	160
0.843594	161
0.843982	159
0.843982	160
0.84409	161
0.84437	159
0.84437	160
0.844478	161
0.844758	159
0.844758	160
0.844866	161
0.845145	159
0.845145	160
0.845533	158
0.845533	159
0.845642	160
0.845921	158
0.845921	159
0.84603	160
0.846309	158
0.846309	159
0.846418	160
0.846696	158
0.846696	159
0.847084	157
0.847084	158
0.847194	159
0.847472	157
0.847472	158
0.847581	159
0.847859	157
0.847859	158
0.847969	159
0.848247	157
0.848247	158
0.848635	156
0.848635	157
0.848745	158
0.849023	156
0.849023	157
0.849133	158
0.84941	156
0.84941	157
0.849521	158
0.849798	156
0.849798	157
0.850186	155
0.850186	156
0.850297	157
0.850574	155
0.850574	156
0.850684	157
0.850961	155
0.850961	156
0.851069	157
0.851176	158
0.851349	156
0.851349	157
0.851737	155
0.851737	156
0.851844	157
0.851952	158
0.852125	156
0.852125	157
0.852512	155
0.852512	156
0.85262	157
0.852727	158
0.8529	156
0.8529	157
0.853007	158
0.853288	156
0.853288	157
0.853395	158
0.853675	156
0.853675	157
0.853783	158
0.854063	156
0.854063	157
0.854171	158
0.854451	156
0.854451	157
0.854558	158
0.854839	156
0.854839	157
0.854946	158
0.855226	156
0.855226	157
0.855333	158
0.855614	156
0.855614	157
0.855721	158
0.855828	159
0.856002	157
0.856002	158
0.85639	156
0.85639	157
0.856496	158
0.856603	159
0.856777	157
0.856777	158
0.856884	159
0.857165	157
0.857165	158
0.857271	159
0.857553	157
0.857553	158
0.857659	159
0.857941	157
0.857941	158
0.858047	159
0.858153	160
0.858328	158
0.858328	159
0.858434	160
0.858716	158
0.858716	159
0.858819	160
0.859104	158
0.859104	159
0.859206	160
0.859491	158
0.859491	159
0.859594	160
0.859696	161
0.859879	159
0.859879	160
0.859981	161
0.860267	159
0.860267	160
0.860369	161
0.860655	159
0.860655	160
0.860757	161
0.861042	159
0.861042	160
0.861144	161
0.861246	162
0.86143	160
0.86143	161
0.861532	162
0.861818	160
0.861818	161
0.861919	162
0.862206	160
0.862206	161
0.862307	162
0.862593	160
0.862593	161
0.862694	162
0.862795	163
0.862981	161
0.862981	162
0.863082	163
0.863369	161
0.863369	162
0.86347	163
0.863757	161
0.863757	162
0.863857	163
0.864144	161
0.864144	162
0.864245	163
0.864345	164
0.864532	162
0.864532	163
0.864632	164
0.86492	162
0.86492	163
0.86502	164
0.865307	162
0.865307	163
0.865407	164
0.865695	162
0.865695	163
0.865792	164
0.865889	165
0.866083	163
0.866083	164
0.86618	165
0.866471	163
0.866471	164
0.866567	165
0.866858	163
0.866858	164
0.866955	165
0.867246	163
0.867246	164
0.867342	165
0.867439	166
0.867634	164
0.867634	165
0.86773	166
0.868022	164
0.868022	165
0.868118	166
0.868409	164
0.868409	165
0.868505	166
0.868797	164
0.868797	165
0.868893	166
0.868989	167
0.869185	165
0.869185	166
0.86928	167
0.869572	165
0.869572	166
0.869668	167
0.86996	165
0.86996	166
0.870056	167
0.870348	165
0.870348	166
0.870443	167
0.870538	168
0.870736	166
0.870736	167
0.870831	168
0.871123	166
0.871123	167
0.871218	168
0.871511	166
0.871511	167
0.871606	168
0.871899	166
0.871899	167
0.871994	168
0.872287	166
0.872287	167
0.872381	168
0.872476	169
0.872674	167
0.872674	168
0.872769	169
0.873062	167
0.873062	168
0.873156	169
0.87345	167
0.87345	168
0.873544	169
0.873838	167
0.873838	168
0.873929	169
0.87402	170
0.874225	168
0.874225	169
0.874316	170
0.874613	168
0.874613	169
0.874704	170
0.875001	168
0.875001	169
0.875091	170
0.875388	168
0.875388	169
0.875479	170
0.87557	171
0.875776	169
0.875776	170
0.875867	171
0.876164	169
0.876164	170
0.876254	171
0.876552	169
0.876552	170
0.876642	171
0.876939	169
0.876939	170
0.877029	171
0.87712	172
0.877327	170
0.877327	171
0.877417	172
0.877715	170
0.877715	171
0.877805	172
0.878103	170
0.878103	171
0.878192	172
0.87849	170
0.87849	171
0.87858	172
0.878878	170
0.878878	171
0.878968	172
0.879057	173
0.879266	171
0.879266	172
0.879355	173
0.879654	171
0.879654	172
0.879743	173
0.880041	171
0.880041	172
0.88013	173
0.880429	171
0.880429	172
0.880518	173
0.880607	174
0.880817	172
0.880817	173
0.880903	174
0.881204	172
0.881204	173
0.88129	174
0.881592	172
0.881592	173
0.881678	174
0.88198	172
0.88198	173
0.882066	174
0.882151	175
0.882368	173
0.882368	174
0.882453	175
0.882755	173
0.882755	174
0.882841	175
0.883143	173
0.883143	174
0.883228	175
0.883531	173
0.883531	174
0.883616	175
0.883919	173
0.883919	174
0.884004	175
0.884089	176
0.884306	174
0.884306	175
0.884391	176
0.884694	174
0.884694	175
0.884779	176
0.885082	174
0.885082	175
0.885167	176
0.885469	174
0.885469	175
0.885554	176
0.885639	177
0.885857	175
0.885857	176
0.885942	177
0.886245	175
0.886245	176
0.886329	177
0.886633	175
0.886633	176
0.886717	177
0.88702	175
0.88702	176
0.887105	177
0.887408	175
0.887408	176
0.887492	177
0.887577	178
0.887796	176
0.887796	177
0.88788	178
0.888184	176
0.888184	177
0.888268	178
0.888571	176
0.888571	177
0.888655	178
0.888959	176
0.888959	177
0.889043	178
0.889127	179
0.889347	177
0.889347	178
0.88943	179
0.889735	177
0.889735	178
0.889818	179
0.890122	177
0.890122	178
0.890206	179
0.89051	177
0.89051	178
0.890593	179
0.890898	177
0.890898	178
0.890981	179
0.891064	180
0.891285	178
0.891285	179
0.891371	180
0.891673	178
0.891673	179
0.891759	180
0.892061	178
0.892061	179
0.892147	180
0.892449	178
0.892449	179
0.892534	180
0.89262	181
0.892836	179
0.892836	180
0.892922	181
0.893224	179
0.893224	180
0.89331	181
0.893612	179
0.893612	180
0.893697	181
0.894	179
0.894	180
0.894085	181
0.894387	179
0.894387	180
0.894472	181
0.894557	182
0.894775	180
0.894775	181
0.89486	182
0.895163	180
0.895163	181
0.895248	182
0.895551	180
0.895551	181
0.895635	182
0.895938	180
0.895938	181
0.896023	182
0.896108	183
0.896326	181
0.896326	182
0.896411	183
0.896714	181
0.896714	182
0.896798	183
0.897101	181
0.897101	182
0.897186	183
0.897489	181
0.897489	182
0.897573	183
0.897877	181
0.897877	182
0.897961	183
0.898045	184
0.898265	182
0.898265	183
0.898349	184
0.898652	182
0.898652	183
0.898736	184
0.89904	182
0.89904	183
0.899124	184
0.899428	182
0.899428	183
0.899512	184
0.899595	185
0.899816	183
0.899816	184
0.899899	185
0.900203	183
0.900203	184
0.900287	185
0.900591	183
0.900591	184
0.900675	185
0.900979	183
0.900979	184
0.901062	185
0.901367	183
0.901367	184
0.901452	185
0.901538	186
0.901754	184
0.901754	185
0.90184	186
0.902142	184
0.902142	185
0.902228	186
0.90253	184
0.90253	185
0.902615	186
0.902917	184
0.902917	185
0.903003	186
0.903305	184
0.903305	185
0.903391	186
0.903476	187
0.903693	185
0.903693	186
0.903778	187
0.904081	185
0.904081	186
0.904166	187
0.904468	185
0.904468	186
0.904554	187
0.904856	185
0.904856	186
0.904941	187
0.905026	188
0.905244	186
0.905244	187
0.905329	188
0.905632	186
0.905632	187
0.905716	188
0.906019	186
0.906019	187
0.906104	188
0.906407	186
0.906407	187
0.906492	188
0.906795	186
0.906795	187
0.906879	188
0.906964	189
0.907182	187
0.907182	188
0.907267	189
0.90757	187
0.90757	188
0.907655	189
0.907958	187
0.907958	188
0.908042	189
0.908346	187
0.908346	188
0.90843	189
0.908733	187
0.908733	188
0.908818	189
0.908902	190
0.909121	188
0.909121	189
0.909509	187
0.909509	188
0.909593	189
0.909677	190
0.909897	188
0.909897	189
0.909981	190
0.910284	188
0.910284	189
0.910368	190
0.910672	188
0.910672	189
0.910756	190
0.91106	188
0.91106	189
0.911146	190
0.911448	188
0.911448	189
0.911534	190
0.911835	188
0.911835	189
0.911922	190
0.912223	188
0.912223	189
0.912309	190
0.912611	188
0.912611	189
0.912697	190
0.912998	188
0.912998	189
0.913085	190
0.913171	191
0.913386	189
0.913386	190
0.913774	188
0.913774	189
0.91386	190
0.913947	191
0.914162	189
0.914162	190
0.914549	188
0.914549	189
0.914636	190
0.914937	188
0.914937	189
0.915024	190
0.915325	188
0.915325	189
0.915411	190
0.915713	188
0.915713	189
0.915799	190
0.9161	188
0.9161	189
0.916187	190
0.916488	188
0.916488	189
0.916575	190
0.916876	188
0.916876	189
0.917264	187
0.917264	188
0.91735	189
0.917651	187
0.917651	188
0.917738	189
0.918039	187
0.918039	188
0.918126	189
0.918427	187
0.918427	188
0.918514	189
0.918814	187
0.918814	188
0.919202	186
0.919202	187
0.91929	188
0.91959	186
0.91959	187
0.919677	188
0.919978	186
0.919978	187
0.920065	188
0.920365	186
0.920365	187
0.920456	188
0.920753	186
0.920753	187
0.921141	185
0.921141	186
0.921231	187
0.921529	185
0.921529	186
0.921619	187
0.921916	185
0.921916	186
0.922007	187
0.922304	185
0.922304	186
0.922692	184
0.922692	185
0.922783	186
0.923079	184
0.923079	185
0.923171	186
0.923467	184
0.923467	185
0.923558	186
0.923855	184
0.923855	185
0.923946	186
0.924243	184
0.924243	185
0.92463	183
0.92463	184
0.924722	185
0.925018	183
0.925018	184
0.92511	185
0.925406	183
0.925406	184
0.925498	185
0.925794	183
0.925794	184
0.925886	185
0.926181	183
0.926181	184
0.926569	182
0.926569	183
0.926661	184
0.926957	182
0.926957	183
0.927049	184
0.927345	182
0.927345	183
0.927437	184
0.927732	182
0.927732	183
0.92812	181
0.92812	182
0.928213	183
0.928508	181
0.928508	182
0.9286	183
0.928895	181
0.928895	182
0.928988	183
0.929283	181
0.929283	182
0.929376	183
0.929671	181
0.929671	182
0.930059	180
0.930059	181
0.930154	182
0.930446	180
0.930446	181
0.930542	182
0.930834	180
0.930834	181
0.93093	182
0.931222	180
0.931222	181
0.93161	179
0.93161	180
0.931706	181
0.931997	179
0.931997	180
0.932094	181
0.932385	179
0.932385	180
0.932482	181
0.932773	179
0.932773	180
0.932869	181
0.933161	179
0.933161	180
0.933548	178
0.933548	179
0.933645	180
0.933936	178
0.933936	179
0.934033	180
0.934324	178
0.934324	179
0.934421	180
0.934711	178
0.934711	179
0.935099	177
0.935099	178
0.935197	179
0.935487	177
0.935487	178
0.935584	179
0.935875	177
0.935875	178
0.935972	179
0.936262	177
0.936262	178
0.93636	179
0.93665	177
0.93665	178
0.937038	176
0.937038	177
0.937136	178
0.937426	176
0.937426	177
0.937524	178
0.937813	176
0.937813	177
0.937912	178
0.938201	176
0.938201	177
0.938589	175
0.938589	176
0.938687	177
0.938977	175
0.938977	176
0.939075	177
0.939364	175
0.939364	176
0.939463	177
0.939752	175
0.939752	176
0.939851	177
0.94014	175
0.94014	176
0.940527	174
0.940527	175
0.940629	176
0.940915	174
0.940915	175
0.941017	176
0.941303	174
0.941303	175
0.941405	176
0.941691	174
0.941691	175
0.942078	173
0.942078	174
0.942181	175
0.942466	173
0.942466	174
0.942569	175
0.942854	173
0.942854	174
0.942957	175
0.943242	173
0.943242	174
0.943344	175
0.943629	173
0.943629	174
0.944017	172
0.944017	173
0.94412	174
0.944405	172
0.944405	173
0.944508	174
0.944792	172
0.944792	173
0.944896	174
0.94518	172
0.94518	173
0.945568	171
0.945568	172
0.945672	173
0.945956	171
0.945956	172
0.946059	173
0.946343	171
0.946343	172
0.946447	173
0.946731	171
0.946731	172
0.947119	170
0.947119	171
0.947223	172
0.947507	170
0.947507	171
0.947611	172
0.947894	170
0.947894	171
0.947999	172
0.948282	170
0.948282	171
0.948387	172
0.94867	170
0.94867	171
0.949058	169
0.949058	170
0.949162	171
0.949445	169
0.949445	170
0.94955	171
0.949833	169
0.949833	170
0.949938	171
0.950221	169
0.950221	170
0.950608	168
0.950608	169
0.950714	170
0.950996	168
0.950996	169
0.951102	170
0.951384	168
0.951384	169
0.95149	170
0.951772	168
0.951772	169
0.952159	167
0.952159	168
0.952265	169
0.952547	167
0.952547	168
0.952653	169
0.952935	167
0.952935	168
0.953041	169
0.953323	167
0.953323	168
0.953429	169
0.95371	167
0.95371	168
0.954098	166
0.954098	167
0.954205	168
0.954486	166
0.954486	167
0.954593	168
0.954874	166
0.954874	167
0.954981	168
0.955261	166
0.955261	167
0.955649	165
0.955649	166
0.955756	167
0.956037	165
0.956037	166
0.956144	167
0.956424	165
0.956424	166
0.956532	167
0.956812	165
0.956812	166
0.9572	164
0.9572	165
0.957308	166
0.957588	164
0.957588	165
0.957696	166
0.957975	164
0.957975	165
0.958084	166
0.958363	164
0.958363	165
0.958751	163
0.958751	164
0.958859	165
0.959139	163
0.959139	164
0.959247	165
0.959526	163
0.959526	164
0.959635	165
0.959914	163
0.959914	164
0.960302	162
0.960302	163
0.960411	164
0.96069	162
0.96069	163
0.960799	164
0.961077	162
0.961077	163
0.961187	164
0.961465	162
0.961465	163
0.961853	161
0.961853	162
0.961963	163
0.96224	161
0.96224	162
0.962351	163
0.962628	161
0.962628	162
0.962738	163
0.963016	161
0.963016	162
0.963126	163
0.963404	161
0.963404	162
0.963791	160
0.963791	161
0.963899	162
0.964179	160
0.964179	161
0.964287	162
0.964567	160
0.964567	161
0.964675	162
0.964955	160
0.964955	161
0.965342	159
0.965342	160
0.965451	161
0.96573	159
0.96573	160
0.965839	161
0.966118	159
0.966118	160
0.966226	161
0.966505	159
0.966505	160
0.966893	158
0.966893	159
0.967002	160
0.967281	158
0.967281	159
0.96739	160
0.967669	158
0.967669	159
0.967778	160
0.968056	158
0.968056	159
0.968444	157
0.968444	158
0.968554	159
0.968832	157
0.968832	158
0.968942	159
0.96922	157
0.96922	158
0.96933	159
0.969607	157
0.969607	158
0.969995	156
0.969995	157
0.970105	158
0.970215	159
0.970383	157
0.970383	158
0.970771	156
0.970771	157
0.970881	158
0.971158	156
0.971158	157
0.971269	158
0.971546	156
0.971546	157
0.971653	158
0.971934	156
0.971934	157
0.972041	158
0.972321	156
0.972321	157
0.972429	158
0.972709	156
0.972709	157
0.972816	158
0.973097	156
0.973097	157
0.973204	158
0.973485	156
0.973485	157
0.973592	158
0.973872	156
0.973872	157
0.973979	158
0.974086	159
0.97426	157
0.97426	158
0.974648	156
0.974648	157
0.974755	158
0.974862	159
0.975036	157
0.975036	158
0.975423	156
0.975423	157
0.97553	158
0.975637	159
0.975811	157
0.975811	158
0.975918	159
0.976199	157
0.976199	158
0.976305	159
0.976587	157
0.976587	158
0.976693	159
0.976974	157
0.976974	158
0.97708	159
0.977187	160
0.977362	158
0.977362	159
0.977468	160
0.97775	158
0.97775	159
0.977856	160
0.978137	158
0.978137	159
0.978243	160
0.978525	158
0.978525	159
0.978631	160
0.978736	161
0.978913	159
0.978913	160
0.979015	161
0.979301	159
0.979301	160
0.979403	161
0.979688	159
0.979688	160
0.97979	161
0.980076	159
0.980076	160
0.980178	161
0.98028	162
0.980464	160
0.980464	161
0.980566	162
0.980852	160
0.980852	161
0.980953	162
0.981239	160
0.981239	161
0.981341	162
0.981627	160
0.981627	161
0.981728	162
0.981829	163
0.982015	161
0.982015	162
0.982116	163
0.982402	161
0.982402	162
0.982503	163
0.98279	161
0.98279	162
0.982891	163
0.983178	161
0.983178	162
0.983279	163
0.983566	161
0.983566	162
0.983666	163
0.983767	164
0.983953	162
0.983953	163
0.984054	164
0.984341	162
0.984341	163
0.984441	164
0.984729	162
0.984729	163
0.984829	164
0.985117	162
0.985117	163
0.985216	164
0.985316	165
0.985504	163
0.985504	164
0.985604	165
0.985892	163
0.985892	164
0.985992	165
0.98628	163
0.98628	164
0.986379	165
0.986668	163
0.986668	164
0.986764	165
0.98686	166
0.987055	164
0.987055	165
0.987151	166
0.987443	164
0.987443	165
0.987539	166
0.987831	164
0.987831	165
0.987927	166
0.988218	164
0.988218	165
0.988314	166
0.98841	167
0.988606	165
0.988606	166
0.988702	167
0.988994	165
0.988994	166
0.989089	167
0.989382	165
0.989382	166
0.989477	167
0.989769	165
0.989769	166
0.989865	167
0.98996	168
0.990157	166
0.990157	167
0.990252	168
0.990545	166
0.990545	167
0.99064	168
0.990933	166
0.990933	167
0.991027	168
0.99132	166
0.99132	167
0.991415	168
0.99151	169
0.991708	167
0.991708	168
0.991803	169
0.992096	167
0.992096	168
0.99219	169
0.992484	167
0.992484	168
0.992578	169
0.992871	167
0.992871	168
0.992965	169
0.993259	167
0.993259	168
0.993353	169
0.993447	170
0.993647	168
0.993647	169
0.993741	170
0.994034	168
0.994034	169
0.994128	170
0.994422	168
0.994422	169
0.994516	170
0.99481	168
0.99481	169
0.9949	170
0.994991	171
0.995198	169
0.995198	170
0.995288	171
0.995585	169
0.995585	170
0.995676	171
0.995973	169
0.995973	170
0.996063	171
0.996361	169
0.996361	170
0.996451	171
0.996541	172
0.996749	170
0.996749	171
0.996839	172
0.997136	170
0.997136	171
0.997226	172
0.997524	170
0.997524	171
0.997614	172
0.997912	170
0.997912	171
0.998001	172
0.998091	173
0.9983	171
0.9983	172
0.998389	173
0.998687	171
0.998687	172
0.998777	173
0.999075	171
0.999075	172
0.999164	173
0.999463	171
0.999463	172
0.999552	173
0.99985	171
0.99985	172
0.999939	173
1.00003	174
1.00024	172
1.00024	173
1.00033	174
1.00063	172
1.00063	173
1.00071	174
1.00101	172
1.00101	173
1.0011	174
1.0014	172
1.0014	173
1.00149	174
1.00158	175
1.00179	173
1.00179	174
1.00188	175
1.00218	173
1.00218	174
1.00227	175
1.00256	173
1.00256	174
1.00265	175
1.00295	173
1.00295	174
1.00304	175
1.00334	173
1.00334	174
1.00343	175
1.00351	176
1.00373	174
1.00373	175
1.00381	176
1.00412	174
1.00412	175
1.0042	176
1.0045	174
1.0045	175
1.00459	176
1.00489	174
1.00489	175
1.00498	176
1.00506	177
1.00528	175
1.00528	176
1.00536	177
1.00567	175
1.00567	176
1.00575	177
1.00605	175
1.00605	176
1.00614	177
1.00644	175
1.00644	176
1.00653	177
1.00661	178
1.00683	176
1.00683	177
1.00691	178
1.00722	176
1.00722	177
1.0073	178
1.00761	176
1.00761	177
1.00769	178
1.00799	176
1.00799	177
1.00808	178
1.00838	176
1.00838	177
1.00846	178
1.00855	179
1.00877	177
1.00877	178
1.00885	179
1.00916	177
1.00916	178
1.00924	179
1.00954	177
1.00954	178
1.00963	179
1.00993	177
1.00993	178
1.01001	179
1.0101	180
1.01032	178
1.01032	179
1.0104	180
1.01071	178
1.01071	179
1.01079	180
1.01109	178
1.01109	179
1.01118	180
1.01148	178
1.01148	179
1.01157	180
1.01187	178
1.01187	179
1.01196	180
1.01204	181
1.01226	179
1.01226	180
1.01234	181
1.01265	179
1.01265	180
1.01273	181
1.01303	179
1.01303	180
1.01312	181
1.01342	179
1.01342	180
1.01351	181
1.01359	182
1.01381	180
1.01381	181
1.01389	182
1.0142	180
1.0142	181
1.01428	182
1.01458	180
1.01458	181
1.01467	182
1.01497	180
1.01497	181
1.01506	182
1.01536	180
1.01536	181
1.01544	182
1.01553	183
1.01575	181
1.01575	182
1.01583	183
1.01614	181
1.01614	182
1.01622	183
1.01652	181
1.01652	182
1.01661	183
1.01691	181
1.01691	182
1.01699	183
1.0173	181
1.0173	182
1.01738	183
1.01747	184
1.01769	182
1.01769	183
1.01777	184
1.01807	182
1.01807	183
1.01816	184
1.01846	182
1.01846	183
1.01855	184
1.01885	182
1.01885	183
1.01893	184
1.01902	185
1.01924	183
1.01924	184
1.01932	185
1.01962	183
1.01962	184
1.01971	185
1.02001	183
1.02001	184
1.0201	185
1.0204	183
1.0204	184
1.02049	185
1.02079	183
1.02079	184
1.02087	185
1.02096	186
1.02118	184
1.02118	185
1.02126	186
1.02156	184
1.02156	185
1.02165	186
1.02195	184
1.02195	185
1.02204	186
1.02234	184
1.02234	185
1.02242	186
1.02273	184
1.02273	185
1.02281	186
1.0229	187
1.02311	185
1.02311	186
1.0232	187
1.0235	185
1.0235	186
1.02359	187
1.02389	185
1.02389	186
1.02397	187
1.02428	185
1.02428	186
1.02436	187
1.02445	188
1.02467	186
1.02467	187
1.02475	188
1.02505	186
1.02505	187
1.02514	188
1.02544	186
1.02544	187
1.02553	188
1.02583	186
1.02583	187
1.02591	188
1.02622	186
1.02622	187
1.0263	188
1.02639	189
1.0266	187
1.0266	188
1.02669	189
1.02699	187
1.02699	188
1.02708	189
1.02738	187
1.02738	188
1.02746	189
1.02777	187
1.02777	188
1.02785	189
1.02815	187
1.02815	188
1.02824	189
1.02854	187
1.02854	188
1.02863	189
1.02893	187
1.02893	188
1.02901	189
1.0291	190
1.02932	188
1.02932	189
1.0294	190
1.02971	188
1.02971	189
1.02979	190
1.03009	188
1.03009	189
1.03018	190
1.03048	188
1.03048	189
1.03057	190
1.03087	188
1.03087	189
1.03096	190
1.03126	188
1.03126	189
1.03134	190
1.03164	188
1.03164	189
1.03173	190
1.03203	188
1.03203	189
1.03212	190
1.03242	188
1.03242	189
1.03251	190
1.03281	188
1.03281	189
1.03289	190
1.0332	188
1.0332	189
1.03328	190
1.03358	188
1.03358	189
1.03367	190
1.03397	188
1.03397	189
1.03406	190
1.03436	188
1.03436	189
1.03445	190
1.03475	188
1.03475	189
1.03483	190
1.03513	188
1.03513	189
1.03522	190
1.03552	188
1.03552	189
1.03591	187
1.03591	188
1.036	189
1.0363	187
1.0363	188
1.03638	189
1.03668	187
1.03668	188
1.03677	189
1.03707	187
1.03707	188
1.03716	189
1.03746	187
1.03746	188
1.03785	186
1.03785	187
1.03794	188
1.03824	186
1.03824	187
1.03832	188
1.03862	186
1.03862	187
1.03871	188
1.03901	186
1.03901	187
1.0391	188
1.0394	186
1.0394	187
1.03979	185
1.03979	186
1.03987	187
1.04017	185
1.04017	186
1.04027	187
1.04056	185
1.04056	186
1.04065	187
1.04095	185
1.04095	186
1.04134	184
1.04134	185
1.04143	186
1.04173	184
1.04173	185
1.04182	186
1.04211	184
1.04211	185
1.0422	186
1.0425	184
1.0425	185
1.04259	186
1.04289	184
1.04289	185
1.04328	183
1.04328	184
1.04337	185
1.04366	183
1.04366	184
1.04376	185
1.04405	183
1.04405	184
1.04414	185
1.04444	183
1.04444	184
1.04453	185
1.04483	183
1.04483	184
1.04522	182
1.04522	183
1.04531	184
